GENERIC
 OSMARC05 T4400:g0.65:z-1.60:a+0.40:he0.085 TAU_5000 T PG NE 
                  48
  5000.
  0.6310E-03 2718.5  0.6307E+01  0.6913E-05
  0.7943E-03 2751.7  0.7723E+01  0.9114E-05
  0.1000E-02 2787.4  0.9468E+01  0.1204E-04
  0.1259E-02 2825.6  0.1170E+02  0.1621E-04
  0.1585E-02 2866.2  0.1444E+02  0.2167E-04
  0.1995E-02 2909.7  0.1793E+02  0.2957E-04
  0.2512E-02 2955.9  0.2228E+02  0.4016E-04
  0.3162E-02 3004.3  0.2772E+02  0.5487E-04
  0.3981E-02 3054.1  0.3452E+02  0.7463E-04
  0.5012E-02 3104.5  0.4299E+02  0.1010E-03
  0.6310E-02 3154.8  0.5353E+02  0.1355E-03
  0.7943E-02 3204.4  0.6665E+02  0.1806E-03
  0.1000E-01 3252.9  0.8283E+02  0.2379E-03
  0.1259E-01 3299.6  0.1029E+03  0.3106E-03
  0.1585E-01 3344.2  0.1276E+03  0.4017E-03
  0.1995E-01 3386.5  0.1580E+03  0.5150E-03
  0.2512E-01 3426.4  0.1952E+03  0.6543E-03
  0.3162E-01 3464.1  0.2404E+03  0.8246E-03
  0.3981E-01 3500.0  0.2952E+03  0.1032E-02
  0.5012E-01 3534.8  0.3613E+03  0.1284E-02
  0.6310E-01 3569.5  0.4405E+03  0.1592E-02
  0.7943E-01 3605.1  0.5353E+03  0.1966E-02
  0.1000E+00 3642.9  0.6480E+03  0.2427E-02
  0.1259E+00 3683.4  0.7816E+03  0.2995E-02
  0.1585E+00 3729.1  0.9389E+03  0.3704E-02
  0.1995E+00 3781.1  0.1124E+04  0.4596E-02
  0.2512E+00 3841.3  0.1340E+04  0.5733E-02
  0.3162E+00 3910.9  0.1591E+04  0.7212E-02
  0.3981E+00 3992.5  0.1883E+04  0.9205E-02
  0.5012E+00 4088.1  0.2217E+04  0.1206E-01
  0.6310E+00 4199.9  0.2591E+04  0.1653E-01
  0.7943E+00 4330.5  0.2994E+04  0.2439E-01
  0.1000E+01 4482.7  0.3402E+04  0.3933E-01
  0.1259E+01 4659.0  0.3780E+04  0.7139E-01
  0.1585E+01 4861.5  0.4098E+04  0.1418E+00
  0.1995E+01 5091.4  0.4342E+04  0.3043E+00
  0.2512E+01 5350.4  0.4515E+04  0.6772E+00
  0.3162E+01 5641.1  0.4620E+04  0.1546E+01
  0.3981E+01 5970.5  0.4602E+04  0.3572E+01
  0.5012E+01 6335.8  0.4366E+04  0.8088E+01
  0.6310E+01 6685.1  0.4036E+04  0.1594E+02
  0.7943E+01 6966.2  0.3818E+04  0.2620E+02
  0.1000E+02 7173.7  0.3744E+04  0.3730E+02
  0.1259E+02 7339.7  0.3745E+04  0.4888E+02
  0.1585E+02 7477.3  0.3783E+04  0.6109E+02
  0.1995E+02 7599.9  0.3831E+04  0.7401E+02
  0.2512E+02 7710.7  0.3885E+04  0.8776E+02
  0.3162E+02 7814.4  0.3942E+04  0.1026E+03
 2.30
NATOMS        1          -1.55
         2     10.93
NMOL          16
       1.1     107.0     108.0     607.0     608.0     708.0       6.1
       7.1       8.1      12.1     112.0     101.0     106.0     101.0
      22.1     822.0
