MOOG linelist created by q2
 3742.6170 26.0  2.938 -0.810 3 0  81.3
 3808.7290 26.0  2.557 -1.160 3 0  80.8
 3949.9530 26.0  2.174 -1.250 3 0  89.7
 4058.2170 26.0  3.209 -1.180 3 0  48.4
 4062.4410 26.0  2.845 -0.862 3 0  79.3
 4067.9780 26.0  3.209 -0.530 3 0  76.2
 4070.7710 26.0  3.239 -0.870 3 0  57.8
 4114.4450 26.0  2.832 -1.303 3 0  49.6
 4132.8990 26.0  2.845 -1.006 3 0  70.3
 4134.6770 26.0  2.832 -0.649 3 0  93.5
 4136.9980 26.0  3.415 -0.453 3 0  67.0
 4147.6680 26.0  1.485 -2.104 3 0  90.3
 4150.2490 26.0  3.428 -1.190 3 0  30.0
 4153.8990 26.0  3.397 -0.321 3 0  79.5
 4154.4990 26.0  2.832 -0.688 3 0  78.8
 4154.8050 26.0  3.368 -0.400 3 0  72.9
 4157.7800 26.0  3.417 -0.403 3 0  67.7
 4158.7920 26.0  3.428 -0.700 3 0  51.3
 4175.6360 26.0  2.845 -0.827 3 0  89.3
 4176.5660 26.0  3.368 -0.805 3 0  66.9
 4178.8540 26.1  2.583 -2.500 3 0 102.5
 4181.7540 26.0  2.832 -0.371 3 0 102.5
 4182.3820 26.0  3.017 -1.180 3 0  46.5
 4184.8920 26.0  2.832 -0.869 3 0  78.5
 4187.0390 26.0  2.450 -0.548 3 0 115.2
 4187.7950 26.0  2.425 -0.554 3 0 125.0
 4191.4300 26.0  2.469 -0.666 3 0 112.4
 4195.3290 26.0  3.332 -0.492 3 0  74.4
 4213.6470 26.0  2.845 -1.290 3 0  47.7
 4217.5450 26.0  3.430 -0.484 3 0  70.9
 4222.2130 26.0  2.450 -0.967 3 0  93.0
 4233.6030 26.0  2.482 -0.604 3 0 110.2
 4238.8100 26.0  3.397 -0.233 3 0  82.8
 4250.1190 26.0  2.469 -0.405 3 0 123.8
 4271.1530 26.0  2.450 -0.349 3 0 127.4
 4337.0450 26.0  1.557 -1.695 3 0 100.3
 4352.7350 26.0  2.223 -1.287 3 0  89.0
 4388.4070 26.0  3.603 -0.682 3 0  45.1
 4430.6140 26.0  2.223 -1.659 3 0  70.1
 4442.3390 26.0  2.198 -1.255 3 0  98.9
 4447.7170 26.0  2.221 -1.342 3 0  93.1
 4466.5510 26.0  2.832 -0.600 3 0  96.3
 4484.2200 26.0  3.600 -0.640 3 0  47.1
 4494.5630 26.0  2.198 -1.136 3 0 104.2
 4531.1480 26.0  1.485 -2.155 3 0  91.8
 4547.8470 26.0  3.544 -0.780 3 0  37.2
 4592.6510 26.0  1.557 -2.449 3 0  81.2
 4602.0000 26.0  1.608 -3.154 3 0  24.3
 4602.9410 26.0  1.485 -2.209 3 0  83.2
 4607.6470 26.0  3.263 -1.330 3 0  30.6
 4619.2880 26.0  3.600 -1.060 3 0  30.1
 4630.1200 26.0  2.279 -2.587 3 0  29.0
 4637.5030 26.0  3.281 -1.290 3 0  31.9
 4643.4630 26.0  3.654 -1.147 3 0  20.1
 4647.4340 26.0  2.949 -1.351 3 0  50.2
 4668.1340 26.0  3.263 -1.080 3 0  45.4
 4733.5910 26.0  1.485 -2.988 3 0  43.4
 4736.7730 26.0  3.211 -0.752 3 0  70.3
 4786.8070 26.0  3.017 -1.606 3 0  37.9
 4789.6510 26.0  3.547 -0.958 3 0  36.5
 4871.3180 26.0  2.865 -0.340 3 0 105.5
 4890.7550 26.0  2.876 -0.380 3 0 110.7
 4891.4920 26.0  2.849 -0.140 3 0 118.8
 4903.3100 26.0  2.880 -0.890 3 0  73.9
 4946.3900 26.0  3.370 -1.110 3 0  40.1
 4966.0900 26.0  3.330 -0.790 3 0  52.3
 5001.8600 26.0  3.880 -0.010 3 0  61.0
 5002.7900 26.0  3.400 -1.460 3 0  22.5
 5005.7100 26.0  3.880 -0.120 3 0  58.2
 5014.9400 26.0  3.940 -0.180 3 0  51.6
 5022.2400 26.0  3.980 -0.330 3 0  38.0
 5028.1300 26.0  3.570 -1.020 3 0  23.0
 5039.2500 26.0  3.370 -1.520 3 0  29.0
 5049.8200 26.0  2.280 -1.350 3 0  85.0
 5133.6900 26.0  4.180 0.360 3 0  65.9
 5171.5960 26.0  1.484 -1.720 3 0 110.7
 5191.4540 26.0  3.036 -0.550 3 0 108.3
 5192.3440 26.0  2.996 -0.420 3 0  96.0
 5194.9400 26.0  1.560 -2.090 3 0  89.5
 5198.7100 26.0  2.220 -2.130 3 0  45.3
 5202.3400 26.0  2.180 -1.840 3 0  76.2
 5215.1800 26.0  3.270 -0.860 3 0  51.0
 5216.2740 26.0  1.607 -2.080 3 0  81.1
 5217.3900 26.0  3.210 -1.070 3 0  44.7
 5232.9400 26.0  2.938 -0.190 3 0 113.9
 5242.4900 26.0  3.630 -0.970 3 0  30.1
 5253.4600 26.0  3.280 -1.580 3 0  20.4
 5263.3100 26.0  3.270 -0.870 3 0  50.3
 5266.5550 26.0  2.996 -0.490 3 0  95.0
 5383.3690 26.0  4.309 0.500 3 0  72.9
 5307.3600 26.0  1.610 -2.990 3 0  37.2
 5324.1800 26.0  3.210 -0.110 3 0  98.7
 5332.9000 26.0  1.560 -2.780 3 0  45.7
 5339.9300 26.0  3.270 -0.630 3 0  64.4
 5341.0200 26.0  1.610 -1.950 3 0  95.8
 5424.0680 26.0  4.317 0.520 3 0  77.0
 5563.6000 26.0  4.190 -0.750 3 0  20.5
 5569.6200 26.0  3.420 -0.520 3 0  61.7
 5586.7600 26.0  3.370 -0.110 3 0  88.2
 5624.5420 26.0  3.414 -0.760 3 0  53.5
 5662.5160 26.0  4.175 -0.410 3 0  27.3
 5762.9920 26.0  4.209 -0.360 3 0  36.1
 6065.4820 26.0  2.607 -1.530 3 0  57.1
 6191.5580 26.0  2.431 -1.600 3 0  73.0
 6219.2800 26.0  2.200 -2.430 3 0  35.1
 6246.3200 26.0  3.600 -0.770 3 0  40.9
 6252.5600 26.0  2.400 -1.690 3 0  64.2
 6265.1340 26.0  2.174 -2.540 3 0  30.4
 6301.5000 26.0  3.650 -0.710 3 0  38.2
 6336.8200 26.0  3.690 -0.850 3 0  32.0
 6408.0200 26.0  3.690 -0.990 3 0  26.8
 6411.6500 26.0  3.650 -0.590 3 0  48.8
 6421.3500 26.0  2.280 -2.030 3 0  52.3
 6430.8460 26.0  2.174 -1.950 3 0  61.3
 6677.9850 26.0  2.690 -1.470 3 0  62.7
 7495.0670 26.0  4.220 -0.100 3 0  49.8
 7511.0210 26.0  4.175 0.120 3 0  64.4
 8220.3790 26.0  4.317 0.300 3 0  68.5
 8688.6240 26.0  2.174 -1.200 3 0 126.8
 4178.8540 26.1  2.583 -2.440 3 0 102.5
 4491.4000 26.1  2.856 -2.640 3 0  74.6
 4515.3340 26.1  2.844 -2.360 3 0  90.8
 4555.8880 26.1  2.828 -2.250 3 0 101.9
 4576.3280 26.1  2.844 -2.920 3 0  63.2
 4582.8350 26.1  2.844 -3.060 3 0  48.8
 4583.8290 26.1  2.807 -1.740 3 0 131.4
 4620.5130 26.1  2.828 -3.190 3 0  41.0
 4629.3320 26.1  2.807 -2.260 3 0  96.4
 4731.4390 26.1  2.891 -3.100 3 0  55.8
 5197.5680 26.1  3.230 -2.050 3 0  87.4
 5234.6240 26.1  3.221 -2.210 3 0  88.2
 5275.9970 26.1  3.199 -1.900 3 0 102.2
 5325.5430 26.1  3.221 -3.260 3 0  33.1
 5534.8390 26.1  3.245 -2.900 3 0  54.7
 6247.5590 26.1  3.892 -2.400 3 0  39.2
 6432.6770 26.1  2.891 -3.500 3 0  28.7
 6456.3810 26.1  3.903 -2.200 3 0  52.7
 6516.0770 26.1  2.891 -3.370 3 0  41.4
