KURUCZ
TEFF=5636,LOGG=2.54,[FE/H]=-1.47,marcs
ND=       56
4.72702734E-01 4253.0 1.656E+02 4.943E+09 2.295E-04
4.73175910E-01 4257.2 1.657E+02 4.948E+09 2.297E-04
6.04870148E-01 4293.4 2.120E+02 6.488E+09 2.852E-04
7.67989207E-01 4329.4 2.694E+02 8.454E+09 3.537E-04
9.70154925E-01 4364.9 3.405E+02 1.094E+10 4.381E-04
1.22112864E+00 4399.6 4.287E+02 1.407E+10 5.409E-04
1.53346810E+00 4433.3 5.386E+02 1.797E+10 6.656E-04
1.92286786E+00 4466.1 6.756E+02 2.282E+10 8.166E-04
2.27760157E+00 4490.4 8.005E+02 2.717E+10 9.498E-04
2.55011325E+00 4505.1 8.964E+02 3.041E+10 1.047E-03
2.85565132E+00 4519.9 1.004E+03 3.405E+10 1.155E-03
3.19816410E+00 4534.5 1.125E+03 3.809E+10 1.274E-03
3.58224277E+00 4548.9 1.260E+03 4.256E+10 1.404E-03
4.01312624E+00 4563.1 1.412E+03 4.753E+10 1.546E-03
4.49763445E+00 4577.1 1.582E+03 5.305E+10 1.704E-03
5.04577662E+00 4591.2 1.775E+03 5.926E+10 1.878E-03
5.66093689E+00 4605.5 1.992E+03 6.620E+10 2.071E-03
6.35121715E+00 4620.0 2.236E+03 7.400E+10 2.286E-03
7.12466529E+00 4635.0 2.509E+03 8.281E+10 2.525E-03
7.99029405E+00 4650.7 2.814E+03 9.282E+10 2.794E-03
8.95726543E+00 4667.4 3.155E+03 1.043E+11 3.098E-03
1.00350278E+01 4685.2 3.535E+03 1.175E+11 3.444E-03
1.12327276E+01 4704.6 3.958E+03 1.328E+11 3.840E-03
1.25591034E+01 4725.9 4.426E+03 1.509E+11 4.298E-03
1.40221266E+01 4749.6 4.943E+03 1.724E+11 4.832E-03
1.56277236E+01 4776.0 5.510E+03 1.982E+11 5.462E-03
1.73799135E+01 4805.0 6.129E+03 2.290E+11 6.202E-03
1.92799813E+01 4838.4 6.801E+03 2.676E+11 7.111E-03
2.13297411E+01 4876.4 7.525E+03 3.161E+11 8.210E-03
2.35190061E+01 4919.6 8.299E+03 3.788E+11 9.600E-03
2.58276147E+01 4969.3 9.115E+03 4.609E+11 1.135E-02
2.82270073E+01 5026.0 9.964E+03 5.700E+11 1.363E-02
3.06876748E+01 5090.9 1.084E+04 7.187E+11 1.658E-02
3.31742033E+01 5165.2 1.172E+04 9.258E+11 2.053E-02
3.56420623E+01 5250.2 1.259E+04 1.220E+12 2.590E-02
3.80469621E+01 5347.0 1.345E+04 1.645E+12 3.327E-02
4.03473390E+01 5456.9 1.426E+04 2.272E+12 4.358E-02
4.25045638E+01 5581.6 1.503E+04 3.215E+12 5.825E-02
4.44862672E+01 5722.5 1.573E+04 4.653E+12 7.940E-02
4.62699113E+01 5881.0 1.637E+04 6.876E+12 1.103E-01
4.78418913E+01 6059.1 1.693E+04 1.036E+13 1.565E-01
4.91970114E+01 6258.4 1.741E+04 1.587E+13 2.264E-01
5.03251507E+01 6483.6 1.781E+04 2.507E+13 3.393E-01
5.12403379E+01 6742.8 1.814E+04 4.099E+13 5.324E-01
5.19518444E+01 7049.0 1.839E+04 6.967E+13 8.892E-01
5.24921308E+01 7347.9 1.858E+04 1.109E+14 1.433E+00
5.29261340E+01 7595.7 1.873E+04 1.574E+14 2.089E+00
5.33073916E+01 7794.2 1.887E+04 2.052E+14 2.810E+00
5.36665222E+01 7958.2 1.900E+04 2.533E+14 3.577E+00
5.40210057E+01 8099.5 1.913E+04 3.018E+14 4.395E+00
5.43816882E+01 8225.8 1.926E+04 3.513E+14 5.271E+00
5.48866989E+01 8373.8 1.945E+04 4.193E+14 6.555E+00
5.57223804E+01 8583.1 1.975E+04 5.294E+14 8.754E+00
5.66872805E+01 8780.9 2.010E+04 6.537E+14 1.143E+01
5.78215307E+01 8974.9 2.052E+04 7.968E+14 1.471E+01
5.91680337E+01 9169.5 2.101E+04 9.636E+14 1.878E+01
 2.20
NATOMS=   78 -1.47
 3 -0.42
 4 -0.09
 5  1.23
 6  6.92
 7  6.31
 8  7.59
 9  3.09
10  6.77
11  4.70
12  6.46
13  4.90
14  6.44
15  3.89
16  6.07
17  4.03
18  5.11
19  3.61
20  5.24
21  1.70
22  3.83
23  2.53
24  4.17
25  3.92
26  5.98
27  3.45
28  4.76
29  2.74
30  3.13
31  1.41
32  2.11
33  0.82
34  1.86
35  1.09
36  1.78
37  1.13
38  1.45
39  0.74
40  1.11
41 -0.05
42  0.45
43 -100.47
44  0.37
45 -0.35
46  0.19
47 -0.53
48  0.30
49  0.13
50  0.53
51 -0.47
52  0.72
53  0.04
54  0.77
55 -0.40
56  0.70
57 -0.34
58  0.23
59 -0.89
60 -0.02
61 -100.47
62 -0.47
63 -0.95
64 -0.36
65 -1.19
66 -0.33
67 -0.96
68 -0.54
69 -1.47
70 -0.39
71 -1.41
72 -0.59
73 -1.64
74 -0.36
75 -1.24
76 -0.22
77 -0.09
78  0.17
79 -0.46
80 -0.34
NMOL      22
  101.0   106.0   107.0   108.0   112.0  126.0
  606.0   607.0   608.0
  707.0   708.0
  808.0   812.0   822.0
  10108.0 60808.0
  6.1     7.1     8.1   12.1  22.1  26.1
