BEGN

             35       (6e13.4)                                                 
   1.0000e-05   3.0697e+03   1.6700e+00  -3.9250e+00   1.2750e+00    .2545e-04  
   1.0000e-04   3.1437e+03   1.7920e+00  -3.7430e+00   1.2750e+00    .3616e-04  
   2.0000e-04   3.2163e+03   1.8990e+00  -3.5810e+00   1.2750e+00    .4952e-04  
   3.0000e-04   3.2809e+03   1.9990e+00  -3.4400e+00   1.2750e+00    .6507e-04  
   4.0000e-04   3.3397e+03   2.0960e+00  -3.3100e+00   1.2740e+00    .8337e-04  
   6.0000e-04   3.3929e+03   2.1920e+00  -3.1900e+00   1.2740e+00    .1050e-03  
   1.0000e-03   3.4411e+03   2.2900e+00  -3.0740e+00   1.2740e+00    .1308e-03  
   1.6000e-03   3.4845e+03   2.3900e+00  -2.9620e+00   1.2740e+00    .1618e-03  
   2.5000e-03   3.5235e+03   2.4910e+00  -2.8530e+00   1.2750e+00    .1992e-03  
   4.0000e-03   3.5589e+03   2.5940e+00  -2.7460e+00   1.2750e+00    .2447e-03  
   6.3000e-03   3.5928e+03   2.6990e+00  -2.6380e+00   1.2750e+00    .3007e-03  
   1.0000e-02   3.6272e+03   2.8050e+00  -2.5300e+00   1.2750e+00    .3702e-03  
   1.5800e-02   3.6638e+03   2.9120e+00  -2.4210e+00   1.2750e+00    .4567e-03  
   2.5100e-02   3.7050e+03   3.0190e+00  -2.3080e+00   1.2750e+00    .5653e-03  
   3.9800e-02   3.7535e+03   3.1260e+00  -2.1920e+00   1.2750e+00    .7021e-03  
   6.3100e-02   3.8129e+03   3.2320e+00  -2.0710e+00   1.2750e+00    .8748e-03  
   1.0000e-01   3.8863e+03   3.3380e+00  -1.9440e+00   1.2750e+00    .1092e-02  
   1.5850e-01   3.9793e+03   3.4440e+00  -1.8090e+00   1.2750e+00    .1363e-02  
   2.5120e-01   4.1011e+03   3.5490e+00  -1.6640e+00   1.2750e+00    .1704e-02  
   3.1620e-01   4.1724e+03   3.6010e+00  -1.5850e+00   1.2750e+00    .1913e-02  
   3.9810e-01   4.2559e+03   3.6530e+00  -1.4970e+00   1.2740e+00    .2175e-02  
   5.0120e-01   4.3506e+03   3.7030e+00  -1.3920e+00   1.2740e+00    .2535e-02  
   6.3100e-01   4.4588e+03   3.7500e+00  -1.2640e+00   1.2740e+00    .3086e-02  
   7.9430e-01   4.5818e+03   3.7930e+00  -1.1030e+00   1.2740e+00    .3985e-02  
   1.0000e+00   4.7218e+03   3.8300e+00  -9.0700e-01   1.2740e+00    .5495e-02  
   1.2589e+00   4.8808e+03   3.8610e+00  -6.7800e-01   1.2740e+00    .8049e-02  
   1.5849e+00   5.0618e+03   3.8850e+00  -4.2100e-01   1.2740e+00    .1243e-01  
   1.9953e+00   5.2677e+03   3.9030e+00  -1.4000e-01   1.2740e+00    .2006e-01  
   2.5119e+00   5.5012e+03   3.9170e+00   1.5700e-01   1.2740e+00    .3358e-01  
   3.1623e+00   5.7608e+03   3.9260e+00   4.6300e-01   1.2730e+00    .5746e-01  
   3.9811e+00   6.0590e+03   3.9330e+00   7.8400e-01   1.2730e+00    .1020e+00  
   5.0119e+00   6.3663e+03   3.9380e+00   1.0850e+00   1.2720e+00    .1770e+00  
   6.3096e+00   6.6285e+03   3.9420e+00   1.3200e+00   1.2710e+00    .2757e+00  
   7.9433e+00   6.8425e+03   3.9450e+00   1.5000e+00   1.2690e+00    .3901e+00  
   1.0000e+01   7.0193e+03   3.9480e+00   1.6410e+00   1.2670e+00    .5153e+00  
     1.67e+05                                                                   
NATOMS        0     -1.24                                                         
NMOL         16                                                                  
     101.0     106.0     107.0     108.0     606.0     607.0     608.0     707.0 
     708.0     808.0   10108.0   60808.0       1.1       6.1       7.1       8.1
