MnI from Prochaska for M67-141                                                  
 OSMARC05 T4550:g1.53:z-2.51:a+0.40:he0.085 TAU_5000 Tvt= 1.50 M/H=-2.53        

Abundance Results for Species Mn I         (input abundance =   2.86)
wavelength        EP     logGF        EW     logRW     abund     del avg
   4030.73      0.00    -1.037     100.0     -4.61      1.20       -2.36
   4030.74      0.00    -1.955     100.0     -4.61    999.99      999.99
   4030.75      0.00    -1.177     100.0     -4.61    999.99      999.99
   4030.76      0.00    -3.172     100.0     -4.61    999.99      999.99
   4030.76      0.00    -1.779     100.0     -4.61    999.99      999.99
   4030.76      0.00    -1.335     100.0     -4.61    999.99      999.99
   4030.77      0.00    -2.820     100.0     -4.61    999.99      999.99
   4030.77      0.00    -1.753     100.0     -4.61    999.99      999.99
   4030.77      0.00    -1.519     100.0     -4.61    999.99      999.99
   4030.78      0.00    -2.695     100.0     -4.61    999.99      999.99
   4030.78      0.00    -1.820     100.0     -4.61    999.99      999.99
   4030.78      0.00    -1.741     100.0     -4.61    999.99      999.99
   4030.78      0.00    -1.996     100.0     -4.61    999.99      999.99
   4030.78      0.00    -2.774     100.0     -4.61    999.99      999.99
   4030.78      0.00    -2.026     100.0     -4.61    999.99      999.99
   4033.04      0.00    -1.200     100.0     -4.61      1.48       -2.07
   4033.05      0.00    -1.978     100.0     -4.61    999.99      999.99
   4033.06      0.00    -1.978     100.0     -4.61    999.99      999.99
   4033.06      0.00    -1.463     100.0     -4.61    999.99      999.99
   4033.06      0.00    -1.815     100.0     -4.61    999.99      999.99
   4033.07      0.00    -1.815     100.0     -4.61    999.99      999.99
   4033.07      0.00    -1.794     100.0     -4.61    999.99      999.99
   4033.07      0.00    -1.810     100.0     -4.61    999.99      999.99
   4033.08      0.00    -1.810     100.0     -4.61    999.99      999.99
   4033.08      0.00    -2.241     100.0     -4.61    999.99      999.99
   4033.08      0.00    -1.912     100.0     -4.61    999.99      999.99
   4033.08      0.00    -1.912     100.0     -4.61    999.99      999.99
   4033.09      0.00    -2.940     100.0     -4.61    999.99      999.99
   4033.09      0.00    -2.174     100.0     -4.61    999.99      999.99
   4033.09      0.00    -2.174     100.0     -4.61    999.99      999.99
   4034.47      0.00    -1.326     100.0     -4.61      1.79       -1.77
   4034.47      0.00    -2.015     100.0     -4.61    999.99      999.99
   4034.47      0.00    -2.969     100.0     -4.61    999.99      999.99
   4034.48      0.00    -1.538     100.0     -4.61    999.99      999.99
   4034.49      0.00    -1.869     100.0     -4.61    999.99      999.99
   4034.49      0.00    -2.589     100.0     -4.61    999.99      999.99
   4034.49      0.00    -1.811     100.0     -4.61    999.99      999.99
   4034.50      0.00    -2.413     100.0     -4.61    999.99      999.99
   4034.50      0.00    -1.890     100.0     -4.61    999.99      999.99
   4034.50      0.00    -2.221     100.0     -4.61    999.99      999.99
   4034.50      0.00    -2.367     100.0     -4.61    999.99      999.99
   4034.50      0.00    -2.045     100.0     -4.61    999.99      999.99
   4041.38      2.11    -0.346     100.0     -4.61      3.13       -0.43
   4041.32      2.11    -1.527     100.0     -4.61    999.99      999.99
   4041.32      2.11    -0.883     100.0     -4.61    999.99      999.99
   4041.33      2.11    -1.330     100.0     -4.61    999.99      999.99
   4041.33      2.11    -0.829     100.0     -4.61    999.99      999.99
   4041.33      2.11    -1.527     100.0     -4.61    999.99      999.99
   4041.34      2.11    -1.274     100.0     -4.61    999.99      999.99
   4041.34      2.11    -0.723     100.0     -4.61    999.99      999.99
   4041.34      2.11    -1.330     100.0     -4.61    999.99      999.99
   4041.35      2.11    -1.315     100.0     -4.61    999.99      999.99
   4041.35      2.11    -0.599     100.0     -4.61    999.99      999.99
   4041.35      2.11    -1.274     100.0     -4.61    999.99      999.99
   4041.36      2.11    -1.505     100.0     -4.61    999.99      999.99
   4041.36      2.11    -0.471     100.0     -4.61    999.99      999.99
   4041.37      2.11    -1.315     100.0     -4.61    999.99      999.99
   4041.38      2.11    -1.505     100.0     -4.61    999.99      999.99
   4457.53      3.07    -1.477     100.0     -4.65    999.99      999.99
   4457.54      3.07    -1.314     100.0     -4.65    999.99      999.99
   4457.54      3.07    -1.309     100.0     -4.65    999.99      999.99
   4457.55      3.07    -1.411     100.0     -4.65    999.99      999.99
   4457.55      3.07    -0.699     100.0     -4.65      4.96        1.40
   4457.55      3.07    -1.673     100.0     -4.65    999.99      999.99
   4457.55      3.07    -0.962     100.0     -4.65    999.99      999.99
   4457.55      3.07    -1.293     100.0     -4.65    999.99      999.99
   4457.55      3.07    -2.439     100.0     -4.65    999.99      999.99
   4457.55      3.07    -1.740     100.0     -4.65    999.99      999.99
   4457.56      3.07    -1.673     100.0     -4.65    999.99      999.99
   4457.56      3.07    -1.411     100.0     -4.65    999.99      999.99
   4457.56      3.07    -1.309     100.0     -4.65    999.99      999.99
   4457.56      3.07    -1.314     100.0     -4.65    999.99      999.99
   4457.56      3.07    -1.477     100.0     -4.65    999.99      999.99
   4754.02      2.28    -0.653     100.0     -4.68      3.61        0.06
   4754.03      2.28    -0.793     100.0     -4.68    999.99      999.99
   4754.04      2.28    -0.951     100.0     -4.68    999.99      999.99
   4754.05      2.28    -1.135     100.0     -4.68    999.99      999.99
   4754.05      2.28    -1.571     100.0     -4.68    999.99      999.99
   4754.06      2.28    -1.357     100.0     -4.68    999.99      999.99
   4754.06      2.28    -1.395     100.0     -4.68    999.99      999.99
   4754.06      2.28    -1.369     100.0     -4.68    999.99      999.99
   4754.07      2.28    -1.642     100.0     -4.68    999.99      999.99
   4754.07      2.28    -1.436     100.0     -4.68    999.99      999.99
   4754.07      2.28    -1.612     100.0     -4.68    999.99      999.99
   4754.08      2.28    -2.391     100.0     -4.68    999.99      999.99
   4754.08      2.28    -2.311     100.0     -4.68    999.99      999.99
   4754.08      2.28    -2.788     100.0     -4.68    999.99      999.99
   4754.08      2.28    -2.436     100.0     -4.68    999.99      999.99
   4762.35      2.89    -0.177     100.0     -4.68      3.91        0.35
   4762.35      2.89    -1.273     100.0     -4.68    999.99      999.99
   4762.36      2.89    -0.281     100.0     -4.68    999.99      999.99
   4762.36      2.89    -2.688     100.0     -4.68    999.99      999.99
   4762.37      2.89    -1.085     100.0     -4.68    999.99      999.99
   4762.37      2.89    -0.394     100.0     -4.68    999.99      999.99
   4762.37      2.89    -2.353     100.0     -4.68    999.99      999.99
   4762.38      2.89    -1.047     100.0     -4.68    999.99      999.99
   4762.38      2.89    -0.516     100.0     -4.68    999.99      999.99
   4762.38      2.89    -2.256     100.0     -4.68    999.99      999.99
   4762.39      2.89    -1.102     100.0     -4.68    999.99      999.99
   4762.39      2.89    -0.646     100.0     -4.68    999.99      999.99
   4762.39      2.89    -2.387     100.0     -4.68    999.99      999.99
   4762.39      2.89    -1.290     100.0     -4.68    999.99      999.99
   4762.39      2.89    -0.779     100.0     -4.68    999.99      999.99
   4783.39      2.30    -1.559     100.0     -4.68    999.99      999.99
   4783.40      2.30    -1.377     100.0     -4.68    999.99      999.99
   4783.41      2.30    -1.346     100.0     -4.68    999.99      999.99
   4783.41      2.30    -0.568     100.0     -4.68      3.56        0.01
   4783.42      2.30    -1.410     100.0     -4.68    999.99      999.99
   4783.42      2.30    -0.738     100.0     -4.68    999.99      999.99
   4783.43      2.30    -0.923     100.0     -4.68    999.99      999.99
   4783.43      2.30    -1.609     100.0     -4.68    999.99      999.99
   4783.44      2.30    -1.115     100.0     -4.68    999.99      999.99
   4783.44      2.30    -1.290     100.0     -4.68    999.99      999.99
   4783.44      2.30    -1.354     100.0     -4.68    999.99      999.99
   4783.45      2.30    -1.559     100.0     -4.68    999.99      999.99
   4783.45      2.30    -1.609     100.0     -4.68    999.99      999.99
   4783.45      2.30    -1.377     100.0     -4.68    999.99      999.99
   4783.45      2.30    -1.410     100.0     -4.68    999.99      999.99
   4783.45      2.30    -1.346     100.0     -4.68    999.99      999.99
   4823.47      2.32    -2.969     100.0     -4.68    999.99      999.99
   4823.48      2.32    -2.634     100.0     -4.68    999.99      999.99
   4823.49      2.32    -1.554     100.0     -4.68    999.99      999.99
   4823.50      2.32    -2.537     100.0     -4.68    999.99      999.99
   4823.50      2.32    -1.366     100.0     -4.68    999.99      999.99
   4823.51      2.32    -2.668     100.0     -4.68    999.99      999.99
   4823.51      2.32    -1.328     100.0     -4.68    999.99      999.99
   4823.52      2.32    -0.458     100.0     -4.68      3.59        0.03
   4823.52      2.32    -1.383     100.0     -4.68    999.99      999.99
   4823.52      2.32    -0.562     100.0     -4.68    999.99      999.99
   4823.53      2.32    -1.571     100.0     -4.68    999.99      999.99
   4823.53      2.32    -0.675     100.0     -4.68    999.99      999.99
   4823.53      2.32    -0.797     100.0     -4.68    999.99      999.99
   4823.54      2.32    -0.927     100.0     -4.68    999.99      999.99
   4823.54      2.32    -1.060     100.0     -4.68    999.99      999.99
   5407.49      2.14    -2.352     100.0     -4.73      4.43        0.88
   5407.32      2.14    -3.139     100.0     -4.73    999.99      999.99
   5407.33      2.14    -3.394     100.0     -4.73    999.99      999.99
   5407.33      2.14    -3.394     100.0     -4.73    999.99      999.99
   5407.34      2.14    -3.075     100.0     -4.73    999.99      999.99
   5407.35      2.14    -3.196     100.0     -4.73    999.99      999.99
   5407.35      2.14    -3.196     100.0     -4.73    999.99      999.99
   5407.37      2.14    -2.900     100.0     -4.73    999.99      999.99
   5407.38      2.14    -3.131     100.0     -4.73    999.99      999.99
   5407.38      2.14    -3.131     100.0     -4.73    999.99      999.99
   5407.40      2.14    -2.708     100.0     -4.73    999.99      999.99
   5407.42      2.14    -3.162     100.0     -4.73    999.99      999.99
   5407.42      2.14    -3.162     100.0     -4.73    999.99      999.99
   5407.44      2.14    -2.523     100.0     -4.73    999.99      999.99
   5407.47      2.14    -3.344     100.0     -4.73    999.99      999.99
   5407.47      2.14    -3.344     100.0     -4.73    999.99      999.99
   5420.43      2.14    -2.029     100.0     -4.73      4.15        0.59
   5420.26      2.14    -3.018     100.0     -4.73    999.99      999.99
   5420.26      2.14    -2.988     100.0     -4.73    999.99      999.99
   5420.27      2.14    -2.733     100.0     -4.73    999.99      999.99
   5420.27      2.14    -3.766     100.0     -4.73    999.99      999.99
   5420.28      2.14    -2.812     100.0     -4.73    999.99      999.99
   5420.30      2.14    -2.511     100.0     -4.73    999.99      999.99
   5420.30      2.14    -3.687     100.0     -4.73    999.99      999.99
   5420.31      2.14    -2.745     100.0     -4.73    999.99      999.99
   5420.33      2.14    -2.327     100.0     -4.73    999.99      999.99
   5420.33      2.14    -3.812     100.0     -4.73    999.99      999.99
   5420.35      2.14    -2.771     100.0     -4.73    999.99      999.99
   5420.37      2.14    -2.169     100.0     -4.73    999.99      999.99
   5420.38      2.14    -4.164     100.0     -4.73    999.99      999.99
   5420.40      2.14    -2.947     100.0     -4.73    999.99      999.99
   5432.51      0.00    -4.377     100.0     -4.74      3.92        0.37
   5432.51      0.00    -5.155     100.0     -4.74    999.99      999.99
   5432.53      0.00    -5.155     100.0     -4.74    999.99      999.99
   5432.54      0.00    -4.640     100.0     -4.74    999.99      999.99
   5432.54      0.00    -4.992     100.0     -4.74    999.99      999.99
   5432.56      0.00    -4.992     100.0     -4.74    999.99      999.99
   5432.56      0.00    -4.971     100.0     -4.74    999.99      999.99
   5432.57      0.00    -4.987     100.0     -4.74    999.99      999.99
   5432.58      0.00    -4.987     100.0     -4.74    999.99      999.99
   5432.58      0.00    -5.418     100.0     -4.74    999.99      999.99
   5432.58      0.00    -5.089     100.0     -4.74    999.99      999.99
   5432.59      0.00    -5.089     100.0     -4.74    999.99      999.99
   5432.60      0.00    -6.117     100.0     -4.74    999.99      999.99
   5432.60      0.00    -5.351     100.0     -4.74    999.99      999.99
   5432.60      0.00    -5.351     100.0     -4.74    999.99      999.99
   5516.70      2.18    -3.273     100.0     -4.74    999.99      999.99
   5516.71      2.18    -2.905     100.0     -4.74    999.99      999.99
   5516.72      2.18    -2.905     100.0     -4.74    999.99      999.99
   5516.73      2.18    -4.482     100.0     -4.74    999.99      999.99
   5516.74      2.18    -2.773     100.0     -4.74    999.99      999.99
   5516.76      2.18    -2.773     100.0     -4.74      4.92        1.37
   5516.77      2.18    -2.947     100.0     -4.74    999.99      999.99
   5516.79      2.18    -2.875     100.0     -4.74    999.99      999.99
   5516.81      2.18    -2.875     100.0     -4.74    999.99      999.99
   6013.48      3.07    -0.766     100.0     -4.78      4.38        0.82
   6013.50      3.07    -0.978     100.0     -4.78    999.99      999.99
   6013.52      3.07    -1.251     100.0     -4.78    999.99      999.99
   6013.53      3.07    -1.455     100.0     -4.78    999.99      999.99
   6013.53      3.07    -1.661     100.0     -4.78    999.99      999.99
   6013.54      3.07    -1.309     100.0     -4.78    999.99      999.99
   6013.55      3.07    -1.330     100.0     -4.78    999.99      999.99
   6013.55      3.07    -1.485     100.0     -4.78    999.99      999.99
   6013.56      3.07    -1.807     100.0     -4.78    999.99      999.99
   6013.57      3.07    -1.853     100.0     -4.78    999.99      999.99
   6013.57      3.07    -2.409     100.0     -4.78    999.99      999.99
   6013.57      3.07    -2.029     100.0     -4.78    999.99      999.99
   6021.75      3.08    -2.668     100.0     -4.78    999.99      999.99
   6021.77      3.08    -1.451     100.0     -4.78    999.99      999.99
   6021.77      3.08    -2.316     100.0     -4.78    999.99      999.99
   6021.80      3.08    -1.275     100.0     -4.78    999.99      999.99
   6021.80      3.08    -2.191     100.0     -4.78    999.99      999.99
   6021.80      3.08    -0.533     100.0     -4.78      4.31        0.76
   6021.81      3.08    -1.249     100.0     -4.78    999.99      999.99
   6021.82      3.08    -2.271     100.0     -4.78    999.99      999.99
   6021.82      3.08    -0.673     100.0     -4.78    999.99      999.99
   6021.83      3.08    -1.316     100.0     -4.78    999.99      999.99
   6021.83      3.08    -0.831     100.0     -4.78    999.99      999.99
   6021.84      3.08    -1.492     100.0     -4.78    999.99      999.99
   6021.84      3.08    -1.015     100.0     -4.78    999.99      999.99
   6021.85      3.08    -1.522     100.0     -4.78    999.99      999.99
   6021.85      3.08    -1.237     100.0     -4.78    999.99      999.99
average abundance =  3.56     std. deviation =  1.18     #lines =  15
E.P. correlation:  slope =   0.772  intercept =   2.136  corr. coeff. =   0.784
 No statistics done for R.W. trends
wav. correl.:  slope =   1.242E-03  intercept =  -2.531  corr. coeff. =   0.739
