
  387.3071 -0.660 27.00    3482.780  4.5 (3F)4s b4F   29294.482  3.5 4Fsp3P z4D  7.44 -6.24 -7.84FMW  0 0 59-2.982 59 0.000   22  307F6 -7 0    1333 1426     0
  387.3073 -0.660 27.00    3482.780  4.5 (3F)4s b4F   29294.482  3.5 4Fsp3P z4D  7.44 -6.24 -7.84FMW  0 0 59-2.584 59 0.000 -144  132F5 -6 0    1333 1426     0
  387.3074 -0.660 27.00    3482.780  4.5 (3F)4s b4F   29294.482  3.5 4Fsp3P z4D  7.44 -6.24 -7.84FMW  0 0 59-2.380 59 0.000 -283  -19F4 -5 0    1333 1426     0
  387.3076 -0.660 27.00    3482.780  4.5 (3F)4s b4F   29294.482  3.5 4Fsp3P z4D  7.44 -6.24 -7.84FMW  0 0 59-2.283 59 0.000 -394 -144F3 -4 0    1333 1426     0
  387.3079 -0.660 27.00    3482.780  4.5 (3F)4s b4F   29294.482  3.5 4Fsp3P z4D  7.44 -6.24 -7.84FMW  0 0 59-2.283 59 0.000 -478 -244F2 -3 0    1333 1426     0
  387.3082 -0.660 27.00    3482.780  4.5 (3F)4s b4F   29294.482  3.5 4Fsp3P z4D  7.44 -6.24 -7.84FMW  0 0 59-2.438 59 0.000 -534 -319F1 -2 0    1333 1426     0
  387.3089 -0.660 27.00    3482.780  4.5 (3F)4s b4F   29294.482  3.5 4Fsp3P z4D  7.44 -6.24 -7.84FMW  0 0 59-1.739 59 0.000 -534 -369F1 -1 0    1333 1426     0
  387.3090 -0.660 27.00    3482.780  4.5 (3F)4s b4F   29294.482  3.5 4Fsp3P z4D  7.44 -6.24 -7.84FMW  0 0 59-1.543 59 0.000 -478 -319F2 -2 0    1333 1426     0
  387.3091 -0.660 27.00    3482.780  4.5 (3F)4s b4F   29294.482  3.5 4Fsp3P z4D  7.44 -6.24 -7.84FMW  0 0 59-1.438 59 0.000 -394 -244F3 -3 0    1333 1426     0
  387.3093 -0.660 27.00    3482.780  4.5 (3F)4s b4F   29294.482  3.5 4Fsp3P z4D  7.44 -6.24 -7.84FMW  0 0 59-1.806 59 0.000 -534 -395F1 -0 0    1333 1426     0
  387.3093 -0.660 27.00    3482.780  4.5 (3F)4s b4F   29294.482  3.5 4Fsp3P z4D  7.44 -6.24 -7.84FMW  0 0 59-1.391 59 0.000 -283 -144F4 -4 0    1333 1426     0
  387.3095 -0.660 27.00    3482.780  4.5 (3F)4s b4F   29294.482  3.5 4Fsp3P z4D  7.44 -6.24 -7.84FMW  0 0 59-1.397 59 0.000 -144  -19F5 -5 0    1333 1426     0
  387.3097 -0.660 27.00    3482.780  4.5 (3F)4s b4F   29294.482  3.5 4Fsp3P z4D  7.44 -6.24 -7.84FMW  0 0 59-1.470 59 0.000   22  132F6 -6 0    1333 1426     0
  387.3098 -0.660 27.00    3482.780  4.5 (3F)4s b4F   29294.482  3.5 4Fsp3P z4D  7.44 -6.24 -7.84FMW  0 0 59-1.543 59 0.000 -478 -369F2 -1 0    1333 1426     0
  387.3100 -0.660 27.00    3482.780  4.5 (3F)4s b4F   29294.482  3.5 4Fsp3P z4D  7.44 -6.24 -7.84FMW  0 0 59-1.681 59 0.000  215  307F7 -7 0    1333 1426     0
  387.3103 -0.660 27.00    3482.780  4.5 (3F)4s b4F   29294.482  3.5 4Fsp3P z4D  7.44 -6.24 -7.84FMW  0 0 59-1.339 59 0.000 -394 -319F3 -2 0    1333 1426     0
  387.3108 -0.660 27.00    3482.780  4.5 (3F)4s b4F   29294.482  3.5 4Fsp3P z4D  7.44 -6.24 -7.84FMW  0 0 59-1.169 59 0.000 -283 -244F4 -3 0    1333 1426     0
  387.3114 -0.660 27.00    3482.780  4.5 (3F)4s b4F   29294.482  3.5 4Fsp3P z4D  7.44 -6.24 -7.84FMW  0 0 59-1.023 59 0.000 -144 -144F5 -4 0    1333 1426     0
  387.3120 -0.660 27.00    3482.780  4.5 (3F)4s b4F   29294.482  3.5 4Fsp3P z4D  7.44 -6.24 -7.84FMW  0 0 59-0.894 59 0.000   22  -19F6 -5 0    1333 1426     0
  387.3126 -0.660 27.00    3482.780  4.5 (3F)4s b4F   29294.482  3.5 4Fsp3P z4D  7.44 -6.24 -7.84FMW  0 0 59-0.778 59 0.000  215  132F7 -6 0    1333 1426     0
  387.3133 -0.660 27.00    3482.780  4.5 (3F)4s b4F   29294.482  3.5 4Fsp3P z4D  7.44 -6.24 -7.84FMW  0 0 59-0.673 59 0.000  434  307F8 -7 0    1333 1426     0

  384.2028 -0.770 27.00    7442.399  3.5 (3F)4s a2F   33462.795  2.5 4Fsp3P z2D  6.91 -6.20 -7.83FMW  0 0 59-2.584 59 0.000   -8  135F5 -6 0    1147 1197     0
  384.2032 -0.770 27.00    7442.399  3.5 (3F)4s a2F   33462.795  2.5 4Fsp3P z2D  6.91 -6.20 -7.83FMW  0 0 59-2.174 59 0.000  -74   42F4 -5 0    1147 1197     0
  384.2036 -0.770 27.00    7442.399  3.5 (3F)4s a2F   33462.795  2.5 4Fsp3P z2D  6.91 -6.20 -7.83FMW  0 0 59-1.952 59 0.000 -127  -35F3 -4 0    1147 1197     0
  384.2039 -0.770 27.00    7442.399  3.5 (3F)4s a2F   33462.795  2.5 4Fsp3P z2D  6.91 -6.20 -7.83FMW  0 0 59-1.827 59 0.000 -167  -96F2 -3 0    1147 1197     0
  384.2040 -0.770 27.00    7442.399  3.5 (3F)4s a2F   33462.795  2.5 4Fsp3P z2D  6.91 -6.20 -7.83FMW  0 0 59-1.470 59 0.000   69  135F6 -6 0    1147 1197     0
  384.2042 -0.770 27.00    7442.399  3.5 (3F)4s a2F   33462.795  2.5 4Fsp3P z2D  6.91 -6.20 -7.83FMW  0 0 59-1.776 59 0.000 -194 -142F1 -2 0    1147 1197     0
  384.2042 -0.770 27.00    7442.399  3.5 (3F)4s a2F   33462.795  2.5 4Fsp3P z2D  6.91 -6.20 -7.83FMW  0 0 59-1.274 59 0.000   -8   42F5 -5 0    1147 1197     0
  384.2043 -0.770 27.00    7442.399  3.5 (3F)4s a2F   33462.795  2.5 4Fsp3P z2D  6.91 -6.20 -7.83FMW  0 0 59-1.220 59 0.000  -74  -35F4 -4 0    1147 1197     0
  384.2044 -0.770 27.00    7442.399  3.5 (3F)4s a2F   33462.795  2.5 4Fsp3P z2D  6.91 -6.20 -7.83FMW  0 0 59-1.806 59 0.000 -208 -173F0 -1 0    1147 1197     0
  384.2045 -0.770 27.00    7442.399  3.5 (3F)4s a2F   33462.795  2.5 4Fsp3P z2D  6.91 -6.20 -7.83FMW  0 0 59-1.242 59 0.000 -127  -96F3 -3 0    1147 1197     0
  384.2046 -0.770 27.00    7442.399  3.5 (3F)4s a2F   33462.795  2.5 4Fsp3P z2D  6.91 -6.20 -7.83FMW  0 0 59-1.521 59 0.000 -194 -173F1 -1 0    1147 1197     0
  384.2046 -0.770 27.00    7442.399  3.5 (3F)4s a2F   33462.795  2.5 4Fsp3P z2D  6.91 -6.20 -7.83FMW  0 0 59-1.333 59 0.000 -167 -142F2 -2 0    1147 1197     0
  384.2046 -7.051 27.00   27496.998  2.5 3d9 c2D      53517.201  3.5 4s5F5p 6F   7.09 -5.14 -7.65K98  0 0 59-0.630 59 0.000   97  309F6 -7 0    1200 1363     0
  384.2050 -0.770 27.00    7442.399  3.5 (3F)4s a2F   33462.795  2.5 4Fsp3P z2D  6.91 -6.20 -7.83FMW  0 0 59-1.776 59 0.000 -167 -173F2 -1 0    1147 1197     0
  384.2052 -0.770 27.00    7442.399  3.5 (3F)4s a2F   33462.795  2.5 4Fsp3P z2D  6.91 -6.20 -7.83FMW  0 0 59-1.388 59 0.000 -127 -142F3 -2 0    1147 1197     0
  384.2053 -0.770 27.00    7442.399  3.5 (3F)4s a2F   33462.795  2.5 4Fsp3P z2D  6.91 -6.20 -7.83FMW  0 0 59-1.133 59 0.000  -74  -96F4 -3 0    1147 1197     0
  384.2053 -0.770 27.00    7442.399  3.5 (3F)4s a2F   33462.795  2.5 4Fsp3P z2D  6.91 -6.20 -7.83FMW  0 0 59-0.935 59 0.000   -8  -35F5 -4 0    1147 1197     0
  384.2053 -0.770 27.00    7442.399  3.5 (3F)4s a2F   33462.795  2.5 4Fsp3P z2D  6.91 -6.20 -7.83FMW  0 0 59-0.771 59 0.000   69   42F6 -5 0    1147 1197     0
  384.2053 -0.770 27.00    7442.399  3.5 (3F)4s a2F   33462.795  2.5 4Fsp3P z2D  6.91 -6.20 -7.83FMW  0 0 59-0.630 59 0.000  158  135F7 -6 0    1147 1197     0

  388.1849 -1.130 27.00    4690.141  2.5 (3F)4s b4F   30443.596  1.5 4Fsp3P z4D  7.36 -6.26 -7.84FMW  0 0 59-2.058 59 0.000  -42  124F4 -5 0    1027 1193     0
  388.1856 -1.130 27.00    4690.141  2.5 (3F)4s b4F   30443.596  1.5 4Fsp3P z4D  7.36 -6.26 -7.84FMW  0 0 59-1.630 59 0.000 -117    5F3 -4 0    1027 1193     0
  388.1861 -1.130 27.00    4690.141  2.5 (3F)4s b4F   30443.596  1.5 4Fsp3P z4D  7.36 -6.26 -7.84FMW  0 0 59-1.380 59 0.000 -174  -88F2 -3 0    1027 1193     0
  388.1863 -1.130 27.00    4690.141  2.5 (3F)4s b4F   30443.596  1.5 4Fsp3P z4D  7.36 -6.26 -7.84FMW  0 0 59-1.193 59 0.000   52  124F5 -5 0    1027 1193     0
  388.1866 -1.130 27.00    4690.141  2.5 (3F)4s b4F   30443.596  1.5 4Fsp3P z4D  7.36 -6.26 -7.84FMW  0 0 59-1.204 59 0.000 -212 -158F1 -2 0    1027 1193     0
  388.1867 -1.130 27.00    4690.141  2.5 (3F)4s b4F   30443.596  1.5 4Fsp3P z4D  7.36 -6.26 -7.84FMW  0 0 59-1.032 59 0.000  -42    5F4 -4 0    1027 1193     0
  388.1870 -1.130 27.00    4690.141  2.5 (3F)4s b4F   30443.596  1.5 4Fsp3P z4D  7.36 -6.26 -7.84FMW  0 0 59-1.040 59 0.000 -117  -88F3 -3 0    1027 1193     0
  388.1872 -1.130 27.00    4690.141  2.5 (3F)4s b4F   30443.596  1.5 4Fsp3P z4D  7.36 -6.26 -7.84FMW  0 0 59-1.204 59 0.000 -174 -158F2 -2 0    1027 1193     0
  388.1880 -1.130 27.00    4690.141  2.5 (3F)4s b4F   30443.596  1.5 4Fsp3P z4D  7.36 -6.26 -7.84FMW  0 0 59-1.505 59 0.000 -117 -158F3 -2 0    1027 1193     0
  388.1880 -1.130 27.00    4690.141  2.5 (3F)4s b4F   30443.596  1.5 4Fsp3P z4D  7.36 -6.26 -7.84FMW  0 0 59-0.567 59 0.000  164  124F6 -5 0    1027 1193     0
  388.1881 -1.130 27.00    4690.141  2.5 (3F)4s b4F   30443.596  1.5 4Fsp3P z4D  7.36 -6.26 -7.84FMW  0 0 59-1.066 59 0.000  -42  -88F4 -3 0    1027 1193     0
  388.1881 -1.130 27.00    4690.141  2.5 (3F)4s b4F   30443.596  1.5 4Fsp3P z4D  7.36 -6.26 -7.84FMW  0 0 59-0.783 59 0.000   52    5F5 -4 0    1027 1193     0


  399.5304 -0.220 27.00    7442.399  3.5 (3F)4s a2F   32464.688  4.5 (3F)4p y4G  8.06 -6.12 -7.80FMW  0 0 59-0.778 59 0.000   69   86F6 -7 0    1147 1191     0
  399.5304 -0.220 27.00    7442.399  3.5 (3F)4s a2F   32464.688  4.5 (3F)4p y4G  8.06 -6.12 -7.80FMW  0 0 59-0.673 59 0.000  158  176F7 -8 0    1147 1191     0
  399.5305 -0.220 27.00    7442.399  3.5 (3F)4s a2F   32464.688  4.5 (3F)4p y4G  8.06 -6.12 -7.80FMW  0 0 59-1.169 59 0.000 -127 -114F3 -4 0    1147 1191     0
  399.5305 -0.220 27.00    7442.399  3.5 (3F)4s a2F   32464.688  4.5 (3F)4p y4G  8.06 -6.12 -7.80FMW  0 0 59-1.023 59 0.000  -74  -59F4 -5 0    1147 1191     0
  399.5305 -0.220 27.00    7442.399  3.5 (3F)4s a2F   32464.688  4.5 (3F)4p y4G  8.06 -6.12 -7.80FMW  0 0 59-0.894 59 0.000   -8    8F5 -6 0    1147 1191     0
  399.5306 -0.220 27.00    7442.399  3.5 (3F)4s a2F   32464.688  4.5 (3F)4p y4G  8.06 -6.12 -7.80FMW  0 0 59-1.339 59 0.000 -167 -159F2 -3 0    1147 1191     0
  399.5307 -0.220 27.00    7442.399  3.5 (3F)4s a2F   32464.688  4.5 (3F)4p y4G  8.06 -6.12 -7.80FMW  0 0 59-1.543 59 0.000 -194 -192F1 -2 0    1147 1191     0
  399.5308 -0.220 27.00    7442.399  3.5 (3F)4s a2F   32464.688  4.5 (3F)4p y4G  8.06 -6.12 -7.80FMW  0 0 59-1.806 59 0.000 -208 -215F0 -1 0    1147 1191     0
  399.5310 -0.220 27.00    7442.399  3.5 (3F)4s a2F   32464.688  4.5 (3F)4p y4G  8.06 -6.12 -7.80FMW  0 0 59-1.739 59 0.000 -194 -215F1 -1 0    1147 1191     0
  399.5311 -0.220 27.00    7442.399  3.5 (3F)4s a2F   32464.688  4.5 (3F)4p y4G  8.06 -6.12 -7.80FMW  0 0 59-1.543 59 0.000 -167 -192F2 -2 0    1147 1191     0
  399.5312 -0.220 27.00    7442.399  3.5 (3F)4s a2F   32464.688  4.5 (3F)4p y4G  8.06 -6.12 -7.80FMW  0 0 59-1.438 59 0.000 -127 -159F3 -3 0    1147 1191     0
  399.5314 -0.220 27.00    7442.399  3.5 (3F)4s a2F   32464.688  4.5 (3F)4p y4G  8.06 -6.12 -7.80FMW  0 0 59-1.391 59 0.000  -74 -114F4 -4 0    1147 1191     0
  399.5315 -0.220 27.00    7442.399  3.5 (3F)4s a2F   32464.688  4.5 (3F)4p y4G  8.06 -6.12 -7.80FMW  0 0 59-2.438 59 0.000 -167 -215F2 -1 0    1147 1191     0
  399.5315 -0.220 27.00    7442.399  3.5 (3F)4s a2F   32464.688  4.5 (3F)4p y4G  8.06 -6.12 -7.80FMW  0 0 59-1.397 59 0.000   -8  -59F5 -5 0    1147 1191     0
  399.5317 -0.220 27.00    7442.399  3.5 (3F)4s a2F   32464.688  4.5 (3F)4p y4G  8.06 -6.12 -7.80FMW  0 0 59-1.470 59 0.000   69    8F6 -6 0    1147 1191     0
  399.5318 -0.220 27.00    7442.399  3.5 (3F)4s a2F   32464.688  4.5 (3F)4p y4G  8.06 -6.12 -7.80FMW  0 0 59-2.283 59 0.000 -127 -192F3 -2 0    1147 1191     0
  399.5319 -0.220 27.00    7442.399  3.5 (3F)4s a2F   32464.688  4.5 (3F)4p y4G  8.06 -6.12 -7.80FMW  0 0 59-1.681 59 0.000  158   86F7 -7 0    1147 1191     0
  399.5321 -0.220 27.00    7442.399  3.5 (3F)4s a2F   32464.688  4.5 (3F)4p y4G  8.06 -6.12 -7.80FMW  0 0 59-2.283 59 0.000  -74 -159F4 -3 0    1147 1191     0
  399.5324 -0.220 27.00    7442.399  3.5 (3F)4s a2F   32464.688  4.5 (3F)4p y4G  8.06 -6.12 -7.80FMW  0 0 59-2.380 59 0.000   -8 -114F5 -4 0    1147 1191     0
  399.5328 -0.220 27.00    7442.399  3.5 (3F)4s a2F   32464.688  4.5 (3F)4p y4G  8.06 -6.12 -7.80FMW  0 0 59-2.584 59 0.000   69  -59F6 -5 0    1147 1191     0
  399.5331 -0.220 27.00    7442.399  3.5 (3F)4s a2F   32464.688  4.5 (3F)4p y4G  8.06 -6.12 -7.80FMW  0 0 59-2.982 59 0.000  158    8F7 -6 0    1147 1191     0


  402.0865 -2.070 27.00    3482.780  4.5 (3F)4s b4F   28345.814  4.5 4Fsp3P z4F  7.19 -6.29 -7.84FMW  0 0 59-1.772 59 0.000  215  425F7 -8 0    1333 1331     0
  402.0868 -2.070 27.00    3482.780  4.5 (3F)4s b4F   28345.814  4.5 4Fsp3P z4F  7.19 -6.29 -7.84FMW  0 0 59-1.557 59 0.000   22  210F6 -7 0    1333 1331     0
  402.0872 -2.070 27.00    3482.780  4.5 (3F)4s b4F   28345.814  4.5 4Fsp3P z4F  7.19 -6.29 -7.84FMW  0 0 59-1.480 59 0.000 -144   21F5 -6 0    1333 1331     0
  402.0876 -2.070 27.00    3482.780  4.5 (3F)4s b4F   28345.814  4.5 4Fsp3P z4F  7.19 -6.29 -7.84FMW  0 0 59-1.469 59 0.000 -283 -141F4 -5 0    1333 1331     0
  402.0880 -2.070 27.00    3482.780  4.5 (3F)4s b4F   28345.814  4.5 4Fsp3P z4F  7.19 -6.29 -7.84FMW  0 0 59-1.512 59 0.000 -394 -277F3 -4 0    1333 1331     0
  402.0884 -2.070 27.00    3482.780  4.5 (3F)4s b4F   28345.814  4.5 4Fsp3P z4F  7.19 -6.29 -7.84FMW  0 0 59-1.615 59 0.000 -478 -385F2 -3 0    1333 1331     0
  402.0888 -2.070 27.00    3482.780  4.5 (3F)4s b4F   28345.814  4.5 4Fsp3P z4F  7.19 -6.29 -7.84FMW  0 0 59-1.836 59 0.000 -534 -467F1 -2 0    1333 1331     0
  402.0897 -2.070 27.00    3482.780  4.5 (3F)4s b4F   28345.814  4.5 4Fsp3P z4F  7.19 -6.29 -7.84FMW  0 0 59-1.640 59 0.000 -534 -521F1 -1 0    1333 1331     0
  402.0897 -2.070 27.00    3482.780  4.5 (3F)4s b4F   28345.814  4.5 4Fsp3P z4F  7.19 -6.29 -7.84FMW  0 0 59-1.626 59 0.000 -478 -467F2 -2 0    1333 1331     0
  402.0897 -2.070 27.00    3482.780  4.5 (3F)4s b4F   28345.814  4.5 4Fsp3P z4F  7.19 -6.29 -7.84FMW  0 0 59-1.488 59 0.000 -394 -385F3 -3 0    1333 1331     0
  402.0898 -2.070 27.00    3482.780  4.5 (3F)4s b4F   28345.814  4.5 4Fsp3P z4F  7.19 -6.29 -7.84FMW  0 0 59-1.321 59 0.000 -283 -277F4 -4 0    1333 1331     0
  402.0898 -2.070 27.00    3482.780  4.5 (3F)4s b4F   28345.814  4.5 4Fsp3P z4F  7.19 -6.29 -7.84FMW  0 0 59-1.152 59 0.000 -144 -141F5 -5 0    1333 1331     0
  402.0899 -2.070 27.00    3482.780  4.5 (3F)4s b4F   28345.814  4.5 4Fsp3P z4F  7.19 -6.29 -7.84FMW  0 0 59-0.993 59 0.000   22   21F6 -6 0    1333 1331     0
  402.0900 -2.070 27.00    3482.780  4.5 (3F)4s b4F   28345.814  4.5 4Fsp3P z4F  7.19 -6.29 -7.84FMW  0 0 59-0.845 59 0.000  215  210F7 -7 0    1333 1331     0
  402.0900 -2.070 27.00    3482.780  4.5 (3F)4s b4F   28345.814  4.5 4Fsp3P z4F  7.19 -6.29 -7.84FMW  0 0 59-0.709 59 0.000  434  425F8 -8 0    1333 1331     0
  402.0906 -2.070 27.00    3482.780  4.5 (3F)4s b4F   28345.814  4.5 4Fsp3P z4F  7.19 -6.29 -7.84FMW  0 0 59-1.836 59 0.000 -478 -521F2 -1 0    1333 1331     0
  402.0911 -2.070 27.00    3482.780  4.5 (3F)4s b4F   28345.814  4.5 4Fsp3P z4F  7.19 -6.29 -7.84FMW  0 0 59-1.615 59 0.000 -394 -467F3 -2 0    1333 1331     0
  402.0915 -2.070 27.00    3482.780  4.5 (3F)4s b4F   28345.814  4.5 4Fsp3P z4F  7.19 -6.29 -7.84FMW  0 0 59-1.512 59 0.000 -283 -385F4 -3 0    1333 1331     0
  402.0920 -2.070 27.00    3482.780  4.5 (3F)4s b4F   28345.814  4.5 4Fsp3P z4F  7.19 -6.29 -7.84FMW  0 0 59-1.469 59 0.000 -144 -277F5 -4 0    1333 1331     0
  402.0925 -2.070 27.00    3482.780  4.5 (3F)4s b4F   28345.814  4.5 4Fsp3P z4F  7.19 -6.29 -7.84FMW  0 0 59-1.480 59 0.000   22 -141F6 -5 0    1333 1331     0
  402.0930 -2.070 27.00    3482.780  4.5 (3F)4s b4F   28345.814  4.5 4Fsp3P z4F  7.19 -6.29 -7.84FMW  0 0 59-1.557 59 0.000  215   21F7 -6 0    1333 1331     0
  402.0935 -2.070 27.00    3482.780  4.5 (3F)4s b4F   28345.814  4.5 4Fsp3P z4F  7.19 -6.29 -7.84FMW  0 0 59-1.772 59 0.000  434  210F8 -7 0    1333 1331     0

  411.0498 -1.080 27.00    8460.783  2.5 (3F)4s a2F   32781.672  2.5 4Fsp3P z2F  5.99 -6.26 -7.83FMW  0 0 59-1.345 59 0.000  103  305F5 -6 0     862  862     0
  411.0502 -1.080 27.00    8460.783  2.5 (3F)4s a2F   32781.672  2.5 4Fsp3P z2F  5.99 -6.26 -7.83FMW  0 0 59-1.164 59 0.000  -82   96F4 -5 0     862  862     0
  411.0506 -1.080 27.00    8460.783  2.5 (3F)4s a2F   32781.672  2.5 4Fsp3P z2F  5.99 -6.26 -7.83FMW  0 0 59-1.133 59 0.000 -231  -79F3 -4 0     862  862     0
  411.0511 -1.080 27.00    8460.783  2.5 (3F)4s a2F   32781.672  2.5 4Fsp3P z2F  5.99 -6.26 -7.83FMW  0 0 59-1.197 59 0.000 -343 -218F2 -3 0     862  862     0
  411.0516 -1.080 27.00    8460.783  2.5 (3F)4s a2F   32781.672  2.5 4Fsp3P z2F  5.99 -6.26 -7.83FMW  0 0 59-1.396 59 0.000 -418 -323F1 -2 0     862  862     0
  411.0528 -1.080 27.00    8460.783  2.5 (3F)4s a2F   32781.672  2.5 4Fsp3P z2F  5.99 -6.26 -7.83FMW  0 0 59-1.651 59 0.000 -418 -393F1 -1 0     862  862     0
  411.0528 -1.080 27.00    8460.783  2.5 (3F)4s a2F   32781.672  2.5 4Fsp3P z2F  5.99 -6.26 -7.83FMW  0 0 59-3.304 59 0.000 -343 -323F2 -2 0     862  862     0
  411.0530 -1.080 27.00    8460.783  2.5 (3F)4s a2F   32781.672  2.5 4Fsp3P z2F  5.99 -6.26 -7.83FMW  0 0 59-2.061 59 0.000 -231 -218F3 -3 0     862  862     0
  411.0531 -1.080 27.00    8460.783  2.5 (3F)4s a2F   32781.672  2.5 4Fsp3P z2F  5.99 -6.26 -7.83FMW  0 0 59-1.344 59 0.000  -82  -79F4 -4 0     862  862     0
  411.0533 -1.080 27.00    8460.783  2.5 (3F)4s a2F   32781.672  2.5 4Fsp3P z2F  5.99 -6.26 -7.83FMW  0 0 59-0.938 59 0.000  103   96F5 -5 0     862  862     0
  411.0535 -1.080 27.00    8460.783  2.5 (3F)4s a2F   32781.672  2.5 4Fsp3P z2F  5.99 -6.26 -7.83FMW  0 0 59-0.646 59 0.000  323  305F6 -6 0     862  862     0
  411.0540 -1.080 27.00    8460.783  2.5 (3F)4s a2F   32781.672  2.5 4Fsp3P z2F  5.99 -6.26 -7.83FMW  0 0 59-1.396 59 0.000 -343 -393F2 -1 0     862  862     0
  411.0547 -1.080 27.00    8460.783  2.5 (3F)4s a2F   32781.672  2.5 4Fsp3P z2F  5.99 -6.26 -7.83FMW  0 0 59-1.197 59 0.000 -231 -323F3 -2 0     862  862     0
  411.0555 -1.080 27.00    8460.783  2.5 (3F)4s a2F   32781.672  2.5 4Fsp3P z2F  5.99 -6.26 -7.83FMW  0 0 59-1.133 59 0.000  -82 -218F4 -3 0     862  862     0
  411.0563 -1.080 27.00    8460.783  2.5 (3F)4s a2F   32781.672  2.5 4Fsp3P z2F  5.99 -6.26 -7.83FMW  0 0 59-1.164 59 0.000  103  -79F5 -4 0     862  862     0
  411.0570 -1.080 27.00    8460.783  2.5 (3F)4s a2F   32781.672  2.5 4Fsp3P z2F  5.99 -6.26 -7.83FMW  0 0 59-1.345 59 0.000  323   96F6 -5 0     862  862     0

  412.1301 -0.320 27.00    7442.399  3.5 (3F)4s a2F   31699.638  4.5 4Fsp3P z2G  7.06 -6.24 -7.83FMW  0 0 59-0.673 59 0.000  158  260F7 -8 0    1147 1115     0
  412.1308 -0.320 27.00    7442.399  3.5 (3F)4s a2F   31699.638  4.5 4Fsp3P z2G  7.06 -6.24 -7.83FMW  0 0 59-0.778 59 0.000   69  128F6 -7 0    1147 1115     0
  412.1314 -0.320 27.00    7442.399  3.5 (3F)4s a2F   31699.638  4.5 4Fsp3P z2G  7.06 -6.24 -7.83FMW  0 0 59-0.894 59 0.000   -8   12F5 -6 0    1147 1115     0
  412.1320 -0.320 27.00    7442.399  3.5 (3F)4s a2F   31699.638  4.5 4Fsp3P z2G  7.06 -6.24 -7.83FMW  0 0 59-1.023 59 0.000  -74  -87F4 -5 0    1147 1115     0
  412.1323 -0.320 27.00    7442.399  3.5 (3F)4s a2F   31699.638  4.5 4Fsp3P z2G  7.06 -6.24 -7.83FMW  0 0 59-1.681 59 0.000  158  128F7 -7 0    1147 1115     0
  412.1325 -0.320 27.00    7442.399  3.5 (3F)4s a2F   31699.638  4.5 4Fsp3P z2G  7.06 -6.24 -7.83FMW  0 0 59-1.169 59 0.000 -127 -169F3 -4 0    1147 1115     0
  412.1328 -0.320 27.00    7442.399  3.5 (3F)4s a2F   31699.638  4.5 4Fsp3P z2G  7.06 -6.24 -7.83FMW  0 0 59-1.470 59 0.000   69   12F6 -6 0    1147 1115     0
  412.1330 -0.320 27.00    7442.399  3.5 (3F)4s a2F   31699.638  4.5 4Fsp3P z2G  7.06 -6.24 -7.83FMW  0 0 59-1.339 59 0.000 -167 -235F2 -3 0    1147 1115     0
  412.1331 -0.320 27.00    7442.399  3.5 (3F)4s a2F   31699.638  4.5 4Fsp3P z2G  7.06 -6.24 -7.83FMW  0 0 59-1.397 59 0.000   -8  -87F5 -5 0    1147 1115     0
  412.1333 -0.320 27.00    7442.399  3.5 (3F)4s a2F   31699.638  4.5 4Fsp3P z2G  7.06 -6.24 -7.83FMW  0 0 59-1.543 59 0.000 -194 -285F1 -2 0    1147 1115     0
  412.1334 -0.320 27.00    7442.399  3.5 (3F)4s a2F   31699.638  4.5 4Fsp3P z2G  7.06 -6.24 -7.83FMW  0 0 59-1.391 59 0.000  -74 -169F4 -4 0    1147 1115     0
  412.1336 -0.320 27.00    7442.399  3.5 (3F)4s a2F   31699.638  4.5 4Fsp3P z2G  7.06 -6.24 -7.83FMW  0 0 59-1.438 59 0.000 -127 -235F3 -3 0    1147 1115     0
  412.1337 -0.320 27.00    7442.399  3.5 (3F)4s a2F   31699.638  4.5 4Fsp3P z2G  7.06 -6.24 -7.83FMW  0 0 59-1.806 59 0.000 -208 -318F0 -1 0    1147 1115     0
  412.1338 -0.320 27.00    7442.399  3.5 (3F)4s a2F   31699.638  4.5 4Fsp3P z2G  7.06 -6.24 -7.83FMW  0 0 59-1.543 59 0.000 -167 -285F2 -2 0    1147 1115     0
  412.1339 -0.320 27.00    7442.399  3.5 (3F)4s a2F   31699.638  4.5 4Fsp3P z2G  7.06 -6.24 -7.83FMW  0 0 59-1.739 59 0.000 -194 -318F1 -1 0    1147 1115     0
  412.1343 -0.320 27.00    7442.399  3.5 (3F)4s a2F   31699.638  4.5 4Fsp3P z2G  7.06 -6.24 -7.83FMW  0 0 59-2.982 59 0.000  158   12F7 -6 0    1147 1115     0
  412.1344 -0.320 27.00    7442.399  3.5 (3F)4s a2F   31699.638  4.5 4Fsp3P z2G  7.06 -6.24 -7.83FMW  0 0 59-2.438 59 0.000 -167 -318F2 -1 0    1147 1115     0
  412.1344 -0.320 27.00    7442.399  3.5 (3F)4s a2F   31699.638  4.5 4Fsp3P z2G  7.06 -6.24 -7.83FMW  0 0 59-2.584 59 0.000   69  -87F6 -5 0    1147 1115     0
  412.1345 -0.320 27.00    7442.399  3.5 (3F)4s a2F   31699.638  4.5 4Fsp3P z2G  7.06 -6.24 -7.83FMW  0 0 59-2.283 59 0.000 -127 -285F3 -2 0    1147 1115     0
  412.1345 -0.320 27.00    7442.399  3.5 (3F)4s a2F   31699.638  4.5 4Fsp3P z2G  7.06 -6.24 -7.83FMW  0 0 59-2.283 59 0.000  -74 -235F4 -3 0    1147 1115     0
  412.1345 -0.320 27.00    7442.399  3.5 (3F)4s a2F   31699.638  4.5 4Fsp3P z2G  7.06 -6.24 -7.83FMW  0 0 59-2.380 59 0.000   -8 -169F5 -4 0    1147 1115     0
