  424.6813  0.320 21.01    2540.950  2.0 3d4s 1D      26081.340  2.0 3d4p 1D     8.16 -6.37 -7.91MFW  0 0 45-1.196 45 0.000    0   51F4z-5 0     998  999     0
  424.6813  0.320 21.01    2540.950  2.0 3d4s 1D      26081.340  2.0 3d4p 1D     8.16 -6.37 -7.91MFW  0 0 45-0.626 45 0.000    0   51F5z-5 0     998  999     0
  424.6820  0.320 21.01    2540.950  2.0 3d4s 1D      26081.340  2.0 3d4p 1D     8.16 -6.37 -7.91MFW  0 0 45-1.038 45 0.000    0   11F3z-4 0     998  999     0
  424.6820  0.320 21.01    2540.950  2.0 3d4s 1D      26081.340  2.0 3d4p 1D     8.16 -6.37 -7.91MFW  0 0 45-1.024 45 0.000    0   11F4z-4 0     998  999     0
  424.6820  0.320 21.01    2540.950  2.0 3d4s 1D      26081.340  2.0 3d4p 1D     8.16 -6.37 -7.91MFW  0 0 45-1.196 45 0.000    0   11F5z-4 0     998  999     0
  424.6826  0.320 21.01    2540.950  2.0 3d4s 1D      26081.340  2.0 3d4p 1D     8.16 -6.37 -7.91MFW  0 0 45-1.049 45 0.000    0  -22F2z-3 0     998  999     0
  424.6826  0.320 21.01    2540.950  2.0 3d4s 1D      26081.340  2.0 3d4p 1D     8.16 -6.37 -7.91MFW  0 0 45-1.720 45 0.000    0  -22F3z-3 0     998  999     0
  424.6826  0.320 21.01    2540.950  2.0 3d4s 1D      26081.340  2.0 3d4p 1D     8.16 -6.37 -7.91MFW  0 0 45-1.038 45 0.000    0  -22F4z-3 0     998  999     0
  424.6831  0.320 21.01    2540.950  2.0 3d4s 1D      26081.340  2.0 3d4p 1D     8.16 -6.37 -7.91MFW  0 0 45-1.222 45 0.000    0  -47F1z-2 0     998  999     0
  424.6831  0.320 21.01    2540.950  2.0 3d4s 1D      26081.340  2.0 3d4p 1D     8.16 -6.37 -7.91MFW  0 0 45-3.146 45 0.000    0  -47F2z-2 0     998  999     0
  424.6831  0.320 21.01    2540.950  2.0 3d4s 1D      26081.340  2.0 3d4p 1D     8.16 -6.37 -7.91MFW  0 0 45-1.049 45 0.000    0  -47F3z-2 0     998  999     0
  424.6834  0.320 21.01    2540.950  2.0 3d4s 1D      26081.340  2.0 3d4p 1D     8.16 -6.37 -7.91MFW  0 0 45-1.398 45 0.000    0  -64F1z-1 0     998  999     0
  424.6834  0.320 21.01    2540.950  2.0 3d4s 1D      26081.340  2.0 3d4p 1D     8.16 -6.37 -7.91MFW  0 0 45-1.222 45 0.000    0  -64F2z-1 0     998  999     0


  431.4076 -0.100 21.01    4987.790  4.0 3d2 3F       28161.170  3.0 3d4p 3D     8.37 -6.72 -7.89MFW  0 0 45-2.795 45 0.000    0   35F5 -6 0    1251 1323     0
  431.4078 -0.100 21.01    4987.790  4.0 3d2 3F       28161.170  3.0 3d4p 3D     8.37 -6.72 -7.89MFW  0 0 45-1.582 45 0.000    8   35F6 -6 0    1251 1323     0
  431.4079 -0.100 21.01    4987.790  4.0 3d2 3F       28161.170  3.0 3d4p 3D     8.37 -6.72 -7.89MFW  0 0 45-2.392 45 0.000   -7   13F4 -5 0    1251 1323     0
  431.4080 -0.100 21.01    4987.790  4.0 3d2 3F       28161.170  3.0 3d4p 3D     8.37 -6.72 -7.89MFW  0 0 45-0.653 45 0.000   18   35F7 -6 0    1251 1323     0
  431.4081 -0.100 21.01    4987.790  4.0 3d2 3F       28161.170  3.0 3d4p 3D     8.37 -6.72 -7.89MFW  0 0 45-1.377 45 0.000    0   13F5 -5 0    1251 1323     0
  431.4082 -0.100 21.01    4987.790  4.0 3d2 3F       28161.170  3.0 3d4p 3D     8.37 -6.72 -7.89MFW  0 0 45-2.180 45 0.000  -13   -5F3 -4 0    1251 1323     0
  431.4082 -0.100 21.01    4987.790  4.0 3d2 3F       28161.170  3.0 3d4p 3D     8.37 -6.72 -7.89MFW  0 0 45-0.774 45 0.000    8   13F6 -5 0    1251 1323     0
  431.4083 -0.100 21.01    4987.790  4.0 3d2 3F       28161.170  3.0 3d4p 3D     8.37 -6.72 -7.89MFW  0 0 45-2.070 45 0.000  -17  -20F2 -3 0    1251 1323     0
  431.4083 -0.100 21.01    4987.790  4.0 3d2 3F       28161.170  3.0 3d4p 3D     8.37 -6.72 -7.89MFW  0 0 45-1.311 45 0.000   -7   -5F4 -4 0    1251 1323     0
  431.4084 -0.100 21.01    4987.790  4.0 3d2 3F       28161.170  3.0 3d4p 3D     8.37 -6.72 -7.89MFW  0 0 45-1.315 45 0.000  -13  -20F3 -3 0    1251 1323     0
  431.4084 -0.100 21.01    4987.790  4.0 3d2 3F       28161.170  3.0 3d4p 3D     8.37 -6.72 -7.89MFW  0 0 45-0.910 45 0.000    0   -5F5 -4 0    1251 1323     0
  431.4085 -0.100 21.01    4987.790  4.0 3d2 3F       28161.170  3.0 3d4p 3D     8.37 -6.72 -7.89MFW  0 0 45-2.049 45 0.000  -21  -31F1 -2 0    1251 1323     0
  431.4085 -0.100 21.01    4987.790  4.0 3d2 3F       28161.170  3.0 3d4p 3D     8.37 -6.72 -7.89MFW  0 0 45-1.066 45 0.000   -7  -20F4 -3 0    1251 1323     0
  431.4086 -0.100 21.01    4987.790  4.0 3d2 3F       28161.170  3.0 3d4p 3D     8.37 -6.72 -7.89MFW  0 0 45-2.158 45 0.000  -23  -40F0 -1 0    1251 1323     0
  431.4086 -0.100 21.01    4987.790  4.0 3d2 3F       28161.170  3.0 3d4p 3D     8.37 -6.72 -7.89MFW  0 0 45-1.498 45 0.000  -21  -40F1 -1 0    1251 1323     0
  431.4086 -0.100 21.01    4987.790  4.0 3d2 3F       28161.170  3.0 3d4p 3D     8.37 -6.72 -7.89MFW  0 0 45-1.376 45 0.000  -17  -31F2 -2 0    1251 1323     0
  431.4086 -0.100 21.01    4987.790  4.0 3d2 3F       28161.170  3.0 3d4p 3D     8.37 -6.72 -7.89MFW  0 0 45-1.251 45 0.000  -13  -31F3 -2 0    1251 1323     0
  431.4087 -0.100 21.01    4987.790  4.0 3d2 3F       28161.170  3.0 3d4p 3D     8.37 -6.72 -7.89MFW  0 0 45-1.681 45 0.000  -23  -44F0 -0 0    1251 1323     0
  431.4087 -0.100 21.01    4987.790  4.0 3d2 3F       28161.170  3.0 3d4p 3D     8.37 -6.72 -7.89MFW  0 0 45-1.827 45 0.000  -21  -44F1 -0 0    1251 1323     0
  431.4087 -0.100 21.01    4987.790  4.0 3d2 3F       28161.170  3.0 3d4p 3D     8.37 -6.72 -7.89MFW  0 0 45-1.485 45 0.000  -17  -40F2 -1 0    1251 1323     0

  432.0725 -0.260 21.01    4883.570  3.0 3d2 3F       28021.290  2.0 3d4p 3D     8.36 -6.73 -7.89MFW  0 0 45-2.342 45 0.000   -6   29F4 -5 0    1083 1162     0
  432.0727 -0.260 21.01    4883.570  3.0 3d2 3F       28021.290  2.0 3d4p 3D     8.36 -6.73 -7.89MFW  0 0 45-1.924 45 0.000  -23    6F3 -4 0    1083 1162     0
  432.0728 -0.260 21.01    4883.570  3.0 3d2 3F       28021.290  2.0 3d4p 3D     8.36 -6.73 -7.89MFW  0 0 45-1.544 45 0.000  -46  -27F1 -2 0    1083 1162     0
  432.0728 -0.260 21.01    4883.570  3.0 3d2 3F       28021.290  2.0 3d4p 3D     8.36 -6.73 -7.89MFW  0 0 45-1.690 45 0.000  -36  -13F2 -3 0    1083 1162     0
  432.0729 -0.260 21.01    4883.570  3.0 3d2 3F       28021.290  2.0 3d4p 3D     8.36 -6.73 -7.89MFW  0 0 45-1.447 45 0.000  -51  -37F0 -1 0    1083 1162     0
  432.0729 -0.260 21.01    4883.570  3.0 3d2 3F       28021.290  2.0 3d4p 3D     8.36 -6.73 -7.89MFW  0 0 45-1.342 45 0.000   15   29F5 -5 0    1083 1162     0
  432.0730 -0.260 21.01    4883.570  3.0 3d2 3F       28021.290  2.0 3d4p 3D     8.36 -6.73 -7.89MFW  0 0 45-1.368 45 0.000  -46  -37F1 -1 0    1083 1162     0
  432.0730 -0.260 21.01    4883.570  3.0 3d2 3F       28021.290  2.0 3d4p 3D     8.36 -6.73 -7.89MFW  0 0 45-1.185 45 0.000  -36  -27F2 -2 0    1083 1162     0
  432.0730 -0.260 21.01    4883.570  3.0 3d2 3F       28021.290  2.0 3d4p 3D     8.36 -6.73 -7.89MFW  0 0 45-1.126 45 0.000  -23  -13F3 -3 0    1083 1162     0
  432.0730 -0.260 21.01    4883.570  3.0 3d2 3F       28021.290  2.0 3d4p 3D     8.36 -6.73 -7.89MFW  0 0 45-1.159 45 0.000   -6    6F4 -4 0    1083 1162     0
  432.0732 -0.260 21.01    4883.570  3.0 3d2 3F       28021.290  2.0 3d4p 3D     8.36 -6.73 -7.89MFW  0 0 45-1.669 45 0.000  -36  -37F2 -1 0    1083 1162     0
  432.0733 -0.260 21.01    4883.570  3.0 3d2 3F       28021.290  2.0 3d4p 3D     8.36 -6.73 -7.89MFW  0 0 45-1.251 45 0.000  -23  -27F3 -2 0    1083 1162     0
  432.0733 -0.260 21.01    4883.570  3.0 3d2 3F       28021.290  2.0 3d4p 3D     8.36 -6.73 -7.89MFW  0 0 45-0.980 45 0.000   -6  -13F4 -3 0    1083 1162     0
  432.0734 -0.260 21.01    4883.570  3.0 3d2 3F       28021.290  2.0 3d4p 3D     8.36 -6.73 -7.89MFW  0 0 45-0.773 45 0.000   15    6F5 -4 0    1083 1162     0
  432.0734 -0.260 21.01    4883.570  3.0 3d2 3F       28021.290  2.0 3d4p 3D     8.36 -6.73 -7.89MFW  0 0 45-0.602 45 0.000   40   29F6 -5 0    1083 1162     0

  432.4984 -0.440 21.01    4802.870  2.0 3d2 3F       27917.780  1.0 3d4p 3D     8.36 -6.73 -7.89MFW  0 0 45-1.711 45 0.000  -29   36F3 -4 0     665  506     0
  432.4986 -0.440 21.01    4802.870  2.0 3d2 3F       27917.780  1.0 3d4p 3D     8.36 -6.73 -7.89MFW  0 0 45-1.271 45 0.000  -63  -10F2 -3 0     665  506     0
  432.4988 -0.440 21.01    4802.870  2.0 3d2 3F       27917.780  1.0 3d4p 3D     8.36 -6.73 -7.89MFW  0 0 45-1.000 45 0.000  -87  -46F1 -2 0     665  506     0
  432.4992 -0.440 21.01    4802.870  2.0 3d2 3F       27917.780  1.0 3d4p 3D     8.36 -6.73 -7.89MFW  0 0 45-0.896 45 0.000  -29  -10F3 -3 0     665  506     0
  432.4992 -0.440 21.01    4802.870  2.0 3d2 3F       27917.780  1.0 3d4p 3D     8.36 -6.73 -7.89MFW  0 0 45-1.012 45 0.000   15   36F4 -4 0     665  506     0
  432.4993 -0.440 21.01    4802.870  2.0 3d2 3F       27917.780  1.0 3d4p 3D     8.36 -6.73 -7.89MFW  0 0 45-1.016 45 0.000  -63  -46F2 -2 0     665  506     0
  432.4999 -0.440 21.01    4802.870  2.0 3d2 3F       27917.780  1.0 3d4p 3D     8.36 -6.73 -7.89MFW  0 0 45-1.271 45 0.000  -29  -46F3 -2 0     665  506     0
  432.5000 -0.440 21.01    4802.870  2.0 3d2 3F       27917.780  1.0 3d4p 3D     8.36 -6.73 -7.89MFW  0 0 45-0.816 45 0.000   15  -10F4 -3 0     665  506     0
  432.5002 -0.440 21.01    4802.870  2.0 3d2 3F       27917.780  1.0 3d4p 3D     8.36 -6.73 -7.89MFW  0 0 45-0.523 45 0.000   68   36F5 -4 0     665  506     0

  564.0989 -1.040 21.01   12101.500  1.0 3d2 3P       29823.930  2.0 3d4p 3P     8.17 -6.60 -7.93NBS  0 0 45-0.523 45 0.000  -13   25F4 -5 0    1487 1495     0
  564.0996 -1.040 21.01   12101.500  1.0 3d2 3P       29823.930  2.0 3d4p 3P     8.17 -6.60 -7.93NBS  0 0 45-1.012 45 0.000  -13    5F4 -4 0    1487 1495     0
  564.1001 -1.040 21.01   12101.500  1.0 3d2 3P       29823.930  2.0 3d4p 3P     8.17 -6.60 -7.93NBS  0 0 45-0.816 45 0.000    4    5F3 -4 0    1487 1495     0
  564.1001 -1.040 21.01   12101.500  1.0 3d2 3P       29823.930  2.0 3d4p 3P     8.17 -6.60 -7.93NBS  0 0 45-1.711 45 0.000  -13  -11F4 -3 0    1487 1495     0
  564.1006 -1.040 21.01   12101.500  1.0 3d2 3P       29823.930  2.0 3d4p 3P     8.17 -6.60 -7.93NBS  0 0 45-0.896 45 0.000    4  -11F3 -3 0    1487 1495     0
  564.1010 -1.040 21.01   12101.500  1.0 3d2 3P       29823.930  2.0 3d4p 3P     8.17 -6.60 -7.93NBS  0 0 45-1.271 45 0.000   16  -11F2 -3 0    1487 1495     0
  564.1010 -1.040 21.01   12101.500  1.0 3d2 3P       29823.930  2.0 3d4p 3P     8.17 -6.60 -7.93NBS  0 0 45-1.271 45 0.000    4  -23F3 -2 0    1487 1495     0
  564.1014 -1.040 21.01   12101.500  1.0 3d2 3P       29823.930  2.0 3d4p 3P     8.17 -6.60 -7.93NBS  0 0 45-1.016 45 0.000   16  -23F2 -2 0    1487 1495     0
  564.1016 -1.040 21.01   12101.500  1.0 3d2 3P       29823.930  2.0 3d4p 3P     8.17 -6.60 -7.93NBS  0 0 45-1.000 45 0.000   16  -32F2 -1 0    1487 1495     0

  565.7886 -0.500 21.01   12154.420  2.0 3d2 3P       29823.930  2.0 3d4p 3P     8.17 -6.60 -7.93MFW  0 0 45-0.626 45 0.000   -6   25F5 -5 0    1481 1495     0
  565.7888 -0.500 21.01   12154.420  2.0 3d2 3P       29823.930  2.0 3d4p 3P     8.17 -6.60 -7.93MFW  0 0 45-1.196 45 0.000   -2   25F4 -5 0    1481 1495     0
  565.7893 -0.500 21.01   12154.420  2.0 3d2 3P       29823.930  2.0 3d4p 3P     8.17 -6.60 -7.93MFW  0 0 45-1.196 45 0.000   -6    5F5 -4 0    1481 1495     0
  565.7894 -0.500 21.01   12154.420  2.0 3d2 3P       29823.930  2.0 3d4p 3P     8.17 -6.60 -7.93MFW  0 0 45-1.024 45 0.000   -2    5F4 -4 0    1481 1495     0
  565.7895 -0.500 21.01   12154.420  2.0 3d2 3P       29823.930  2.0 3d4p 3P     8.17 -6.60 -7.93MFW  0 0 45-1.038 45 0.000    3    5F3 -4 0    1481 1495     0
  565.7899 -0.500 21.01   12154.420  2.0 3d2 3P       29823.930  2.0 3d4p 3P     8.17 -6.60 -7.93MFW  0 0 45-1.038 45 0.000   -2  -11F4 -3 0    1481 1495     0
  565.7901 -0.500 21.01   12154.420  2.0 3d2 3P       29823.930  2.0 3d4p 3P     8.17 -6.60 -7.93MFW  0 0 45-1.720 45 0.000    3  -11F3 -3 0    1481 1495     0
  565.7902 -0.500 21.01   12154.420  2.0 3d2 3P       29823.930  2.0 3d4p 3P     8.17 -6.60 -7.93MFW  0 0 45-1.049 45 0.000    6  -11F2 -3 0    1481 1495     0
  565.7904 -0.500 21.01   12154.420  2.0 3d2 3P       29823.930  2.0 3d4p 3P     8.17 -6.60 -7.93MFW  0 0 45-1.049 45 0.000    3  -23F3 -2 0    1481 1495     0
  565.7906 -0.500 21.01   12154.420  2.0 3d2 3P       29823.930  2.0 3d4p 3P     8.17 -6.60 -7.93MFW  0 0 45-1.222 45 0.000    9  -23F1 -2 0    1481 1495     0
  565.7906 -0.500 21.01   12154.420  2.0 3d2 3P       29823.930  2.0 3d4p 3P     8.17 -6.60 -7.93MFW  0 0 45-3.146 45 0.000    6  -23F2 -2 0    1481 1495     0
  565.7908 -0.500 21.01   12154.420  2.0 3d2 3P       29823.930  2.0 3d4p 3P     8.17 -6.60 -7.93MFW  0 0 45-1.222 45 0.000    6  -32F2 -1 0    1481 1495     0
  565.7909 -0.500 21.01   12154.420  2.0 3d2 3P       29823.930  2.0 3d4p 3P     8.17 -6.60 -7.93MFW  0 0 45-1.398 45 0.000    9  -32F1 -1 0    1481 1495     0

  565.8351 -1.170 21.01   12074.100  0.0 3d2 3P       29742.160  1.0 3d4p 3P     8.16 -6.59 -7.93NBS  0 0 45-0.380 45 0.000    0   30F3z-4 0       0 1484     0
  565.8363 -1.170 21.01   12074.100  0.0 3d2 3P       29742.160  1.0 3d4p 3P     8.16 -6.59 -7.93NBS  0 0 45-0.477 45 0.000    0   -9F3z-3 0       0 1484     0
  565.8373 -1.170 21.01   12074.100  0.0 3d2 3P       29742.160  1.0 3d4p 3P     8.16 -6.59 -7.93NBS  0 0 45-0.602 45 0.000    0  -38F3z-2 0       0 1484     0

  630.9906 -1.570 21.01   12074.100  0.0 3d2 3P       27917.780  1.0 3d4p 3D     8.36 -6.73 -7.90NBS  0 0 45-0.380 45 0.000    0   36F3z-4 0       0  506     0
  630.9924 -1.570 21.01   12074.100  0.0 3d2 3P       27917.780  1.0 3d4p 3D     8.36 -6.73 -7.90NBS  0 0 45-0.477 45 0.000    0  -10F3z-3 0       0  506     0
  630.9938 -1.570 21.01   12074.100  0.0 3d2 3P       27917.780  1.0 3d4p 3D     8.36 -6.73 -7.90NBS  0 0 45-0.602 45 0.000    0  -46F3z-2 0       0  506     0

