   V I all :  hfs                                                               
 OSMARC05 T4550:g1.53:z-2.51:a+0.40:he0.085 TAU_5000 Tvt= 1.50 M/H=-2.53        

Abundance Results for Species V  I         (input abundance =   1.47)
wavelength        EP     logGF        EW     logRW     abund     del avg
   4111.81      0.30    -0.301     100.0     -4.61      1.99       -1.77
   4111.73      0.30    -1.232     100.0     -4.61    999.99      999.99
   4111.73      0.30    -1.428     100.0     -4.61    999.99      999.99
   4111.73      0.30    -1.428     100.0     -4.61    999.99      999.99
   4111.73      0.30    -1.218     100.0     -4.61    999.99      999.99
   4111.73      0.30    -1.207     100.0     -4.61    999.99      999.99
   4111.74      0.30    -1.207     100.0     -4.61    999.99      999.99
   4111.74      0.30    -1.080     100.0     -4.61    999.99      999.99
   4111.74      0.30    -1.104     100.0     -4.61    999.99      999.99
   4111.75      0.30    -1.104     100.0     -4.61    999.99      999.99
   4111.75      0.30    -0.913     100.0     -4.61    999.99      999.99
   4111.75      0.30    -1.061     100.0     -4.61    999.99      999.99
   4111.76      0.30    -1.061     100.0     -4.61    999.99      999.99
   4111.76      0.30    -0.744     100.0     -4.61    999.99      999.99
   4111.76      0.30    -1.072     100.0     -4.61    999.99      999.99
   4111.78      0.30    -1.072     100.0     -4.61    999.99      999.99
   4111.78      0.30    -0.585     100.0     -4.61    999.99      999.99
   4111.78      0.30    -1.149     100.0     -4.61    999.99      999.99
   4111.79      0.30    -1.149     100.0     -4.61    999.99      999.99
   4111.79      0.30    -0.437     100.0     -4.61    999.99      999.99
   4111.79      0.30    -1.364     100.0     -4.61    999.99      999.99
   4111.81      0.30    -1.364     100.0     -4.61    999.99      999.99
   4379.27      0.30    -0.124     100.0     -4.64      1.69       -2.07
   4379.18      0.30    -0.846     100.0     -4.64    999.99      999.99
   4379.19      0.30    -1.298     100.0     -4.64    999.99      999.99
   4379.19      0.30    -0.728     100.0     -4.64    999.99      999.99
   4379.19      0.30    -2.298     100.0     -4.64    999.99      999.99
   4379.19      0.30    -1.087     100.0     -4.64    999.99      999.99
   4379.19      0.30    -0.610     100.0     -4.64    999.99      999.99
   4379.20      0.30    -2.091     100.0     -4.64    999.99      999.99
   4379.20      0.30    -0.991     100.0     -4.64    999.99      999.99
   4379.20      0.30    -0.498     100.0     -4.64    999.99      999.99
   4379.22      0.30    -2.063     100.0     -4.64    999.99      999.99
   4379.22      0.30    -0.955     100.0     -4.64    999.99      999.99
   4379.22      0.30    -0.394     100.0     -4.64    999.99      999.99
   4379.23      0.30    -2.143     100.0     -4.64    999.99      999.99
   4379.23      0.30    -0.971     100.0     -4.64    999.99      999.99
   4379.23      0.30    -0.298     100.0     -4.64    999.99      999.99
   4379.25      0.30    -2.335     100.0     -4.64    999.99      999.99
   4379.25      0.30    -1.053     100.0     -4.64    999.99      999.99
   4379.25      0.30    -0.208     100.0     -4.64    999.99      999.99
   4379.27      0.30    -2.724     100.0     -4.64    999.99      999.99
   4379.27      0.30    -1.271     100.0     -4.64    999.99      999.99
   6090.20      1.08    -0.692     100.0     -4.78      3.56       -0.21
   6090.21      1.08    -0.833     100.0     -4.78    999.99      999.99
   6090.21      1.08    -0.997     100.0     -4.78    999.99      999.99
   6090.21      1.08    -1.532     100.0     -4.78    999.99      999.99
   6090.22      1.08    -1.195     100.0     -4.78    999.99      999.99
   6090.22      1.08    -1.336     100.0     -4.78    999.99      999.99
   6090.22      1.08    -1.450     100.0     -4.78    999.99      999.99
   6090.22      1.08    -1.282     100.0     -4.78    999.99      999.99
   6090.23      1.08    -2.646     100.0     -4.78    999.99      999.99
   6090.23      1.08    -1.304     100.0     -4.78    999.99      999.99
   6090.23      1.08    -1.838     100.0     -4.78    999.99      999.99
   6090.23      1.08    -2.236     100.0     -4.78    999.99      999.99
   6090.23      1.08    -1.395     100.0     -4.78    999.99      999.99
   6090.23      1.08    -1.583     100.0     -4.78    999.99      999.99
   6090.23      1.08    -2.014     100.0     -4.78    999.99      999.99
   6090.23      1.08    -1.889     100.0     -4.78    999.99      999.99
   6090.23      1.08    -1.868     100.0     -4.78    999.99      999.99
   6090.23      1.08    -1.838     100.0     -4.78    999.99      999.99
   6119.51      1.06    -1.825     100.0     -4.79    999.99      999.99
   6119.51      1.06    -1.386     100.0     -4.79    999.99      999.99
   6119.52      1.06    -1.524     100.0     -4.79    999.99      999.99
   6119.52      1.06    -1.524     100.0     -4.79    999.99      999.99
   6119.52      1.06    -1.103     100.0     -4.79    999.99      999.99
   6119.52      1.06    -1.360     100.0     -4.79    999.99      999.99
   6119.53      1.06    -1.700     100.0     -4.79    999.99      999.99
   6119.53      1.06    -0.887     100.0     -4.79      3.85        0.09
   6119.53      1.06    -1.352     100.0     -4.79    999.99      999.99
   6119.53      1.06    -1.950     100.0     -4.79    999.99      999.99
   6119.54      1.06    -1.513     100.0     -4.79    999.99      999.99
   6119.55      1.06    -2.378     100.0     -4.79    999.99      999.99
   6128.33      1.05    -3.106     100.0     -4.79    999.99      999.99
   6128.33      1.05    -3.085     100.0     -4.79    999.99      999.99
   6128.33      1.05    -3.562     100.0     -4.79    999.99      999.99
   6128.33      1.05    -3.231     100.0     -4.79    999.99      999.99
   6128.33      1.05    -3.085     100.0     -4.79    999.99      999.99
   6128.33      1.05    -2.764     100.0     -4.79      5.87        2.11
   6135.34      1.05    -1.552     100.0     -4.79    999.99      999.99
   6135.34      1.05    -1.531     100.0     -4.79    999.99      999.99
   6135.34      1.05    -1.677     100.0     -4.79    999.99      999.99
   6135.38      1.05    -2.008     100.0     -4.79    999.99      999.99
   6135.38      1.05    -1.531     100.0     -4.79    999.99      999.99
   6135.38      1.05    -1.210     100.0     -4.79      4.04        0.28
   6150.08      0.30    -3.206     100.0     -4.79    999.99      999.99
   6150.08      0.30    -3.088     100.0     -4.79    999.99      999.99
   6150.09      0.30    -3.658     100.0     -4.79    999.99      999.99
   6150.10      0.30    -2.970     100.0     -4.79    999.99      999.99
   6150.10      0.30    -3.447     100.0     -4.79    999.99      999.99
   6150.10      0.30    -4.658     100.0     -4.79    999.99      999.99
   6150.11      0.30    -2.858     100.0     -4.79    999.99      999.99
   6150.12      0.30    -5.131     100.0     -4.79    999.99      999.99
   6150.12      0.30    -4.451     100.0     -4.79    999.99      999.99
   6150.13      0.30    -2.754     100.0     -4.79    999.99      999.99
   6150.14      0.30    -3.315     100.0     -4.79    999.99      999.99
   6150.14      0.30    -4.423     100.0     -4.79    999.99      999.99
   6150.16      0.30    -2.658     100.0     -4.79    999.99      999.99
   6150.16      0.30    -3.331     100.0     -4.79    999.99      999.99
   6150.17      0.30    -4.503     100.0     -4.79    999.99      999.99
   6150.19      0.30    -2.568     100.0     -4.79    999.99      999.99
   6150.19      0.30    -3.413     100.0     -4.79    999.99      999.99
   6150.20      0.30    -4.695     100.0     -4.79    999.99      999.99
   6150.22      0.30    -2.484     100.0     -4.79      3.72       -0.04
   6150.23      0.30    -3.631     100.0     -4.79    999.99      999.99
   6150.24      0.30    -5.084     100.0     -4.79    999.99      999.99
   6199.15      0.29    -1.958     100.0     -4.79      3.36       -0.41
   6199.17      0.29    -2.063     100.0     -4.79    999.99      999.99
   6199.19      0.29    -2.179     100.0     -4.79    999.99      999.99
   6199.20      0.29    -2.308     100.0     -4.79    999.99      999.99
   6199.21      0.29    -2.966     100.0     -4.79    999.99      999.99
   6199.22      0.29    -2.454     100.0     -4.79    999.99      999.99
   6199.22      0.29    -2.755     100.0     -4.79    999.99      999.99
   6199.23      0.29    -2.624     100.0     -4.79    999.99      999.99
   6199.23      0.29    -2.682     100.0     -4.79    999.99      999.99
   6199.23      0.29    -2.676     100.0     -4.79    999.99      999.99
   6199.24      0.29    -2.828     100.0     -4.79    999.99      999.99
   6199.24      0.29    -2.723     100.0     -4.79    999.99      999.99
   6199.24      0.29    -3.091     100.0     -4.79    999.99      999.99
   6199.25      0.29    -2.828     100.0     -4.79    999.99      999.99
   6199.25      0.29    -3.024     100.0     -4.79    999.99      999.99
   6199.25      0.29    -4.267     100.0     -4.79    999.99      999.99
   6199.26      0.29    -3.869     100.0     -4.79    999.99      999.99
   6199.26      0.29    -3.723     100.0     -4.79    999.99      999.99
   6199.26      0.29    -3.665     100.0     -4.79    999.99      999.99
   6199.26      0.29    -3.568     100.0     -4.79    999.99      999.99
   6199.26      0.29    -3.568     100.0     -4.79    999.99      999.99
   6216.31      0.28    -1.920     100.0     -4.79      3.36       -0.40
   6216.33      0.28    -2.061     100.0     -4.79    999.99      999.99
   6216.35      0.28    -2.225     100.0     -4.79    999.99      999.99
   6216.36      0.28    -2.423     100.0     -4.79    999.99      999.99
   6216.36      0.28    -2.760     100.0     -4.79    999.99      999.99
   6216.37      0.28    -2.564     100.0     -4.79    999.99      999.99
   6216.37      0.28    -2.678     100.0     -4.79    999.99      999.99
   6216.38      0.28    -2.510     100.0     -4.79    999.99      999.99
   6216.39      0.28    -3.066     100.0     -4.79    999.99      999.99
   6216.39      0.28    -2.532     100.0     -4.79    999.99      999.99
   6216.39      0.28    -2.623     100.0     -4.79    999.99      999.99
   6216.40      0.28    -2.811     100.0     -4.79    999.99      999.99
   6216.40      0.28    -3.874     100.0     -4.79    999.99      999.99
   6216.40      0.28    -3.096     100.0     -4.79    999.99      999.99
   6216.41      0.28    -3.464     100.0     -4.79    999.99      999.99
   6216.41      0.28    -3.066     100.0     -4.79    999.99      999.99
   6216.41      0.28    -3.242     100.0     -4.79    999.99      999.99
   6216.41      0.28    -3.117     100.0     -4.79    999.99      999.99
   6224.47      0.29    -3.816     100.0     -4.79    999.99      999.99
   6224.47      0.29    -3.536     100.0     -4.79    999.99      999.99
   6224.47      0.29    -4.837     100.0     -4.79    999.99      999.99
   6224.47      0.29    -3.816     100.0     -4.79    999.99      999.99
   6224.48      0.29    -3.398     100.0     -4.79    999.99      999.99
   6224.48      0.29    -4.138     100.0     -4.79    999.99      999.99
   6224.48      0.29    -3.536     100.0     -4.79    999.99      999.99
   6224.49      0.29    -3.332     100.0     -4.79    999.99      999.99
   6224.49      0.29    -3.691     100.0     -4.79    999.99      999.99
   6224.49      0.29    -3.398     100.0     -4.79    999.99      999.99
   6224.50      0.29    -3.325     100.0     -4.79    999.99      999.99
   6224.51      0.29    -3.356     100.0     -4.79    999.99      999.99
   6224.51      0.29    -3.332     100.0     -4.79    999.99      999.99
   6224.52      0.29    -3.390     100.0     -4.79    999.99      999.99
   6224.53      0.29    -3.097     100.0     -4.79    999.99      999.99
   6224.53      0.29    -3.325     100.0     -4.79    999.99      999.99
   6224.54      0.29    -3.594     100.0     -4.79    999.99      999.99
   6224.55      0.29    -2.878     100.0     -4.79    999.99      999.99
   6224.56      0.29    -3.390     100.0     -4.79    999.99      999.99
   6224.58      0.29    -2.691     100.0     -4.79      4.02        0.26
   6224.58      0.29    -3.594     100.0     -4.79    999.99      999.99
   6233.12      0.28    -3.466     100.0     -4.79    999.99      999.99
   6233.12      0.28    -3.721     100.0     -4.79    999.99      999.99
   6233.13      0.28    -3.267     100.0     -4.79    999.99      999.99
   6233.13      0.28    -5.374     100.0     -4.79    999.99      999.99
   6233.13      0.28    -3.466     100.0     -4.79    999.99      999.99
   6233.14      0.28    -3.203     100.0     -4.79    999.99      999.99
   6233.14      0.28    -4.131     100.0     -4.79    999.99      999.99
   6233.15      0.28    -3.267     100.0     -4.79    999.99      999.99
   6233.15      0.28    -3.234     100.0     -4.79    999.99      999.99
   6233.16      0.28    -3.414     100.0     -4.79    999.99      999.99
   6233.16      0.28    -3.203     100.0     -4.79    999.99      999.99
   6233.16      0.28    -3.415     100.0     -4.79    999.99      999.99
   6233.17      0.28    -3.008     100.0     -4.79    999.99      999.99
   6233.18      0.28    -3.234     100.0     -4.79    999.99      999.99
   6233.19      0.28    -2.716     100.0     -4.79      4.24        0.47
   6233.20      0.28    -3.415     100.0     -4.79    999.99      999.99
   6243.04      0.30    -2.750     100.0     -4.80    999.99      999.99
   6243.06      0.30    -2.535     100.0     -4.80    999.99      999.99
   6243.07      0.30    -2.458     100.0     -4.80    999.99      999.99
   6243.09      0.30    -2.447     100.0     -4.80    999.99      999.99
   6243.09      0.30    -1.687     100.0     -4.80      3.19       -0.58
   6243.10      0.30    -1.823     100.0     -4.80    999.99      999.99
   6243.10      0.30    -2.490     100.0     -4.80    999.99      999.99
   6243.10      0.30    -1.971     100.0     -4.80    999.99      999.99
   6243.11      0.30    -2.593     100.0     -4.80    999.99      999.99
   6243.11      0.30    -2.130     100.0     -4.80    999.99      999.99
   6243.12      0.30    -2.814     100.0     -4.80    999.99      999.99
   6243.12      0.30    -2.299     100.0     -4.80    999.99      999.99
   6243.12      0.30    -2.466     100.0     -4.80    999.99      999.99
   6243.13      0.30    -2.604     100.0     -4.80    999.99      999.99
   6243.13      0.30    -2.618     100.0     -4.80    999.99      999.99
   6243.14      0.30    -2.750     100.0     -4.80    999.99      999.99
   6243.14      0.30    -2.814     100.0     -4.80    999.99      999.99
   6243.14      0.30    -2.535     100.0     -4.80    999.99      999.99
   6243.14      0.30    -2.593     100.0     -4.80    999.99      999.99
   6243.14      0.30    -2.490     100.0     -4.80    999.99      999.99
   6243.14      0.30    -2.458     100.0     -4.80    999.99      999.99
   6243.15      0.30    -2.447     100.0     -4.80    999.99      999.99
   6251.77      0.29    -2.924     100.0     -4.80    999.99      999.99
   6251.79      0.29    -2.720     100.0     -4.80    999.99      999.99
   6251.80      0.29    -2.655     100.0     -4.80    999.99      999.99
   6251.81      0.29    -2.021     100.0     -4.80      3.52       -0.24
   6251.82      0.29    -2.662     100.0     -4.80    999.99      999.99
   6251.82      0.29    -2.208     100.0     -4.80    999.99      999.99
   6251.83      0.29    -2.728     100.0     -4.80    999.99      999.99
   6251.83      0.29    -2.427     100.0     -4.80    999.99      999.99
   6251.84      0.29    -2.690     100.0     -4.80    999.99      999.99
   6251.84      0.29    -2.866     100.0     -4.80    999.99      999.99
   6251.84      0.29    -3.021     100.0     -4.80    999.99      999.99
   6251.85      0.29    -3.146     100.0     -4.80    999.99      999.99
   6251.85      0.29    -3.468     100.0     -4.80    999.99      999.99
   6251.85      0.29    -4.167     100.0     -4.80    999.99      999.99
   6251.85      0.29    -2.924     100.0     -4.80    999.99      999.99
   6251.86      0.29    -3.146     100.0     -4.80    999.99      999.99
   6251.86      0.29    -2.720     100.0     -4.80    999.99      999.99
   6251.86      0.29    -2.655     100.0     -4.80    999.99      999.99
   6251.86      0.29    -2.866     100.0     -4.80    999.99      999.99
   6251.86      0.29    -2.728     100.0     -4.80    999.99      999.99
   6251.86      0.29    -2.662     100.0     -4.80    999.99      999.99
   6274.61      0.27    -2.932     100.0     -4.80    999.99      999.99
   6274.63      0.27    -2.455     100.0     -4.80    999.99      999.99
   6274.64      0.27    -2.476     100.0     -4.80    999.99      999.99
   6274.65      0.27    -2.134     100.0     -4.80      3.96        0.19
   6274.66      0.27    -2.455     100.0     -4.80    999.99      999.99
   6274.68      0.27    -2.601     100.0     -4.80    999.99      999.99
   6285.10      0.28    -3.568     100.0     -4.80    999.99      999.99
   6285.12      0.28    -3.140     100.0     -4.80    999.99      999.99
   6285.12      0.28    -2.703     100.0     -4.80    999.99      999.99
   6285.13      0.28    -2.890     100.0     -4.80    999.99      999.99
   6285.14      0.28    -2.542     100.0     -4.80    999.99      999.99
   6285.15      0.28    -2.714     100.0     -4.80    999.99      999.99
   6285.15      0.28    -2.550     100.0     -4.80    999.99      999.99
   6285.15      0.28    -2.077     100.0     -4.80      3.86        0.10
   6285.16      0.28    -2.714     100.0     -4.80    999.99      999.99
   6285.16      0.28    -2.293     100.0     -4.80    999.99      999.99
   6285.17      0.28    -2.576     100.0     -4.80    999.99      999.99
   6285.17      0.28    -3.015     100.0     -4.80    999.99      999.99
   6292.76      0.29    -4.054     100.0     -4.80    999.99      999.99
   6292.78      0.29    -3.644     100.0     -4.80    999.99      999.99
   6292.79      0.29    -2.940     100.0     -4.80    999.99      999.99
   6292.79      0.29    -3.422     100.0     -4.80    999.99      999.99
   6292.80      0.29    -2.744     100.0     -4.80    999.99      999.99
   6292.81      0.29    -3.297     100.0     -4.80    999.99      999.99
   6292.81      0.29    -2.690     100.0     -4.80    999.99      999.99
   6292.82      0.29    -3.246     100.0     -4.80    999.99      999.99
   6292.82      0.29    -2.712     100.0     -4.80    999.99      999.99
   6292.82      0.29    -2.100     100.0     -4.80      3.84        0.08
   6292.83      0.29    -3.276     100.0     -4.80    999.99      999.99
   6292.83      0.29    -2.803     100.0     -4.80    999.99      999.99
   6292.83      0.29    -2.991     100.0     -4.80    999.99      999.99
   6292.83      0.29    -2.241     100.0     -4.80    999.99      999.99
   6292.84      0.29    -2.405     100.0     -4.80    999.99      999.99
   6292.84      0.29    -3.246     100.0     -4.80    999.99      999.99
   6292.84      0.29    -2.603     100.0     -4.80    999.99      999.99
   6292.84      0.29    -2.856     100.0     -4.80    999.99      999.99
   6357.28      0.61    -2.716     100.0     -4.80    999.99      999.99
   6357.29      0.61    -2.431     100.0     -4.80    999.99      999.99
   6357.29      0.61    -2.686     100.0     -4.80    999.99      999.99
   6357.29      0.61    -2.686     100.0     -4.80    999.99      999.99
   6357.29      0.61    -2.243     100.0     -4.80    999.99      999.99
   6357.29      0.61    -2.737     100.0     -4.80    999.99      999.99
   6357.29      0.61    -2.298     100.0     -4.80    999.99      999.99
   6357.29      0.61    -2.152     100.0     -4.80    999.99      999.99
   6357.29      0.61    -2.862     100.0     -4.80    999.99      999.99
   6357.29      0.61    -2.043     100.0     -4.80    999.99      999.99
   6357.29      0.61    -2.130     100.0     -4.80    999.99      999.99
   6357.29      0.61    -3.084     100.0     -4.80    999.99      999.99
   6357.29      0.61    -1.845     100.0     -4.80    999.99      999.99
   6357.29      0.61    -2.184     100.0     -4.80    999.99      999.99
   6357.29      0.61    -3.494     100.0     -4.80    999.99      999.99
   6357.29      0.61    -1.681     100.0     -4.80    999.99      999.99
   6357.29      0.61    -2.380     100.0     -4.80    999.99      999.99
   6357.30      0.61    -1.540     100.0     -4.80      3.97        0.21
   6452.31      1.19    -2.410     100.0     -4.81    999.99      999.99
   6452.31      1.19    -2.410     100.0     -4.81    999.99      999.99
   6452.32      1.19    -2.711     100.0     -4.81    999.99      999.99
   6452.32      1.19    -2.586     100.0     -4.81    999.99      999.99
   6452.32      1.19    -2.246     100.0     -4.81    999.99      999.99
   6452.33      1.19    -2.272     100.0     -4.81    999.99      999.99
   6452.33      1.19    -2.836     100.0     -4.81    999.99      999.99
   6452.34      1.19    -2.238     100.0     -4.81    999.99      999.99
   6452.35      1.19    -1.989     100.0     -4.81    999.99      999.99
   6452.35      1.19    -3.264     100.0     -4.81    999.99      999.99
   6452.36      1.19    -2.399     100.0     -4.81    999.99      999.99
   6452.36      1.19    -1.773     100.0     -4.81      4.67        0.91
   6504.14      1.18    -2.492     100.0     -4.81    999.99      999.99
   6504.15      1.18    -2.036     100.0     -4.81    999.99      999.99
   6504.16      1.18    -2.015     100.0     -4.81    999.99      999.99
   6504.16      1.18    -2.015     100.0     -4.81    999.99      999.99
   6504.18      1.18    -2.161     100.0     -4.81    999.99      999.99
   6504.18      1.18    -1.694     100.0     -4.81      4.80        1.04
average abundance =  3.76     std. deviation =  0.91     #lines =  19
 No statistics done for E.P. trends
 No statistics done for R.W. trends
wav. correl.:  slope =   1.071E-03  intercept =  -2.701  corr. coeff. =   0.751
