GENERIC
 OSMARC05 T4550:g1.53:z-2.51:a+0.40:he0.085 TAU_5000 T PG NE 
                  48
  5000.
  0.6310E-03 3061.1  0.4612E+02  0.1911E-04
  0.7943E-03 3111.8  0.5741E+02  0.2566E-04
  0.1000E-02 3163.8  0.7162E+02  0.3433E-04
  0.1259E-02 3216.8  0.8932E+02  0.4557E-04
  0.1585E-02 3269.6  0.1115E+03  0.6024E-04
  0.1995E-02 3321.3  0.1393E+03  0.7932E-04
  0.2512E-02 3371.3  0.1741E+03  0.1038E-03
  0.3162E-02 3419.0  0.2173E+03  0.1351E-03
  0.3981E-02 3462.7  0.2710E+03  0.1749E-03
  0.5012E-02 3502.7  0.3379E+03  0.2255E-03
  0.6310E-02 3538.5  0.4207E+03  0.2887E-03
  0.7943E-02 3570.9  0.5229E+03  0.3674E-03
  0.1000E-01 3599.8  0.6484E+03  0.4638E-03
  0.1259E-01 3625.7  0.8026E+03  0.5815E-03
  0.1585E-01 3649.5  0.9914E+03  0.7243E-03
  0.1995E-01 3671.7  0.1221E+04  0.8962E-03
  0.2512E-01 3692.6  0.1499E+04  0.1103E-02
  0.3162E-01 3713.3  0.1835E+04  0.1353E-02
  0.3981E-01 3735.2  0.2238E+04  0.1657E-02
  0.5012E-01 3757.9  0.2722E+04  0.2030E-02
  0.6310E-01 3782.0  0.3298E+04  0.2486E-02
  0.7943E-01 3811.2  0.3977E+04  0.3072E-02
  0.1000E+00 3841.4  0.4778E+04  0.3787E-02
  0.1259E+00 3878.6  0.5712E+04  0.4742E-02
  0.1585E+00 3921.9  0.6787E+04  0.6002E-02
  0.1995E+00 3972.7  0.8009E+04  0.7752E-02
  0.2512E+00 4033.5  0.9379E+04  0.1027E-01
  0.3162E+00 4105.5  0.1088E+05  0.1409E-01
  0.3981E+00 4191.0  0.1246E+05  0.2026E-01
  0.5012E+00 4292.0  0.1406E+05  0.3084E-01
  0.6310E+00 4410.3  0.1560E+05  0.5002E-01
  0.7943E+00 4547.9  0.1698E+05  0.8729E-01
  0.1000E+01 4707.0  0.1814E+05  0.1606E+00
  0.1259E+01 4888.9  0.1906E+05  0.3144E+00
  0.1585E+01 5099.4  0.1969E+05  0.6428E+00
  0.1995E+01 5338.0  0.1997E+05  0.1364E+01
  0.2512E+01 5589.5  0.1990E+05  0.2796E+01
  0.3162E+01 5837.2  0.1956E+05  0.5340E+01
  0.3981E+01 6065.5  0.1917E+05  0.9228E+01
  0.5012E+01 6269.8  0.1888E+05  0.1457E+02
  0.6310E+01 6451.5  0.1873E+05  0.2143E+02
  0.7943E+01 6613.3  0.1873E+05  0.2983E+02
  0.1000E+02 6760.1  0.1879E+05  0.3976E+02
  0.1259E+02 6891.8  0.1894E+05  0.5104E+02
  0.1585E+02 7017.4  0.1914E+05  0.6441E+02
  0.1995E+02 7138.2  0.1938E+05  0.7996E+02
  0.2512E+02 7255.2  0.1965E+05  0.9810E+02
  0.3162E+02 7369.7  0.1993E+05  0.1192E+03
 1.50
NATOMS        1          -2.53
         2     10.93
NMOL          16
       1.1     107.0     108.0     607.0     608.0     708.0       6.1
       7.1       8.1      12.1     112.0     101.0     106.0     101.0
      22.1     822.0
